[ 9.8 [ 0 0 ] [ 2 0 ] [ 0 32 ] ] #  
[ 9.32421875 [ 6 0 ] [ 6 0 ] [ 6 32 ] ] # !
[ 15.54492188 [ 6 0 ] [ 16 0 ] [ 12 32 ] ] # "
[ 14.0 [ 4 0 ] [ 32 0 ] [ 15 32 ] ] # #
[ 14.0 [ 5 0 ] [ 51 0 ] [ 13 32 ] ] # $
[ 28.0 [ 7 0 ] [ 68 0 ] [ 22 32 ] ] # %
[ 23.32421875 [ 6 0 ] [ 94 0 ] [ 21 32 ] ] # &
[ 7.779296875 [ 6 0 ] [ 119 0 ] [ 6 32 ] ] # '
[ 9.32421875 [ 5 0 ] [ 129 0 ] [ 8 32 ] ] # (
[ 9.32421875 [ 5 0 ] [ 141 0 ] [ 8 32 ] ] # )
[ 14.0 [ 6 0 ] [ 153 0 ] [ 11 32 ] ] # *
[ 15.95507812 [ 5 0 ] [ 168 0 ] [ 15 32 ] ] # +
[ 7.0 [ 5 0 ] [ 187 0 ] [ 6 32 ] ] # ,
[ 9.32421875 [ 5 0 ] [ 197 0 ] [ 8 32 ] ] # -
[ 7.0 [ 5 0 ] [ 209 0 ] [ 6 32 ] ] # .
[ 7.779296875 [ 3 0 ] [ 219 0 ] [ 10 32 ] ] # /
[ 14.0 [ 5 0 ] [ 233 0 ] [ 13 32 ] ] # 0
[ 14.0 [ 6 0 ] [ 2 32 ] [ 11 32 ] ] # 1
[ 14.0 [ 4 0 ] [ 17 32 ] [ 14 32 ] ] # 2
[ 14.0 [ 4 0 ] [ 35 32 ] [ 14 32 ] ] # 3
[ 14.0 [ 5 0 ] [ 53 32 ] [ 13 32 ] ] # 4
[ 14.0 [ 5 0 ] [ 70 32 ] [ 13 32 ] ] # 5
[ 14.0 [ 5 0 ] [ 87 32 ] [ 13 32 ] ] # 6
[ 14.0 [ 5 0 ] [ 104 32 ] [ 13 32 ] ] # 7
[ 14.0 [ 5 0 ] [ 121 32 ] [ 13 32 ] ] # 8
[ 14.0 [ 5 0 ] [ 138 32 ] [ 13 32 ] ] # 9
[ 9.32421875 [ 6 0 ] [ 155 32 ] [ 6 32 ] ] # :
[ 9.32421875 [ 6 0 ] [ 165 32 ] [ 6 32 ] ] # ;
[ 15.95507812 [ 5 0 ] [ 175 32 ] [ 15 32 ] ] # <
[ 15.95507812 [ 5 0 ] [ 194 32 ] [ 15 32 ] ] # =
[ 15.95507812 [ 5 0 ] [ 213 32 ] [ 15 32 ] ] # >
[ 14.0 [ 6 0 ] [ 232 32 ] [ 11 32 ] ] # ?
[ 26.04492188 [ 7 0 ] [ 2 64 ] [ 21 32 ] ] # @
[ 20.22070312 [ 4 0 ] [ 27 64 ] [ 20 32 ] ] # A
[ 18.67578125 [ 4 0 ] [ 51 64 ] [ 18 32 ] ] # B
[ 20.22070312 [ 5 0 ] [ 73 64 ] [ 19 32 ] ] # C
[ 20.22070312 [ 4 0 ] [ 96 64 ] [ 20 32 ] ] # D
[ 18.67578125 [ 4 0 ] [ 120 64 ] [ 19 32 ] ] # E
[ 17.10351562 [ 4 0 ] [ 143 64 ] [ 17 32 ] ] # F
[ 21.77929688 [ 5 0 ] [ 164 64 ] [ 21 32 ] ] # G
[ 21.77929688 [ 5 0 ] [ 189 64 ] [ 21 32 ] ] # H
[ 10.89648438 [ 5 0 ] [ 214 64 ] [ 10 32 ] ] # I
[ 14.0 [ 4 0 ] [ 228 64 ] [ 14 32 ] ] # J
[ 21.77929688 [ 5 0 ] [ 2 96 ] [ 21 32 ] ] # K
[ 18.67578125 [ 5 0 ] [ 27 96 ] [ 18 32 ] ] # L
[ 26.42773438 [ 4 0 ] [ 49 96 ] [ 27 32 ] ] # M
[ 20.22070312 [ 4 0 ] [ 80 96 ] [ 20 32 ] ] # N
[ 21.77929688 [ 5 0 ] [ 104 96 ] [ 21 32 ] ] # O
[ 17.10351562 [ 4 0 ] [ 129 96 ] [ 18 32 ] ] # P
[ 21.77929688 [ 5 0 ] [ 151 96 ] [ 21 32 ] ] # Q
[ 20.22070312 [ 5 0 ] [ 176 96 ] [ 20 32 ] ] # R
[ 15.57226562 [ 5 0 ] [ 200 96 ] [ 14 32 ] ] # S
[ 18.67578125 [ 5 0 ] [ 218 96 ] [ 18 32 ] ] # T
[ 20.22070312 [ 4 0 ] [ 2 128 ] [ 20 32 ] ] # U
[ 20.22070312 [ 4 0 ] [ 26 128 ] [ 20 32 ] ] # V
[ 28.0 [ 5 0 ] [ 50 128 ] [ 27 32 ] ] # W
[ 20.22070312 [ 4 0 ] [ 81 128 ] [ 20 32 ] ] # X
[ 20.22070312 [ 4 0 ] [ 105 128 ] [ 20 32 ] ] # Y
[ 18.67578125 [ 5 0 ] [ 129 128 ] [ 18 32 ] ] # Z
[ 9.32421875 [ 6 0 ] [ 151 128 ] [ 7 32 ] ] # [
[ 7.779296875 [ 3 0 ] [ 162 128 ] [ 10 32 ] ] # \
[ 9.32421875 [ 5 0 ] [ 176 128 ] [ 7 32 ] ] # ]
[ 16.26953125 [ 6 0 ] [ 187 128 ] [ 13 32 ] ] # ^
[ 14.0 [ 4 0 ] [ 204 128 ] [ 15 32 ] ] # _
[ 9.32421875 [ 6 0 ] [ 223 128 ] [ 6 32 ] ] # `
[ 14.0 [ 5 0 ] [ 233 128 ] [ 13 32 ] ] # a
[ 15.57226562 [ 4 0 ] [ 2 160 ] [ 15 32 ] ] # b
[ 12.42773438 [ 5 0 ] [ 21 160 ] [ 12 32 ] ] # c
[ 15.57226562 [ 5 0 ] [ 37 160 ] [ 15 32 ] ] # d
[ 12.42773438 [ 5 0 ] [ 56 160 ] [ 12 32 ] ] # e
[ 9.32421875 [ 4 0 ] [ 72 160 ] [ 12 32 ] ] # f
[ 14.0 [ 5 0 ] [ 88 160 ] [ 13 32 ] ] # g
[ 15.57226562 [ 4 0 ] [ 105 160 ] [ 16 32 ] ] # h
[ 7.779296875 [ 4 0 ] [ 125 160 ] [ 8 32 ] ] # i
[ 9.32421875 [ 2 0 ] [ 137 160 ] [ 10 32 ] ] # j
[ 15.57226562 [ 5 0 ] [ 151 160 ] [ 15 32 ] ] # k
[ 7.779296875 [ 4 0 ] [ 170 160 ] [ 8 32 ] ] # l
[ 23.32421875 [ 4 0 ] [ 182 160 ] [ 24 32 ] ] # m
[ 15.57226562 [ 5 0 ] [ 210 160 ] [ 15 32 ] ] # n
[ 14.0 [ 5 0 ] [ 229 160 ] [ 13 32 ] ] # o
[ 15.57226562 [ 5 0 ] [ 2 192 ] [ 15 32 ] ] # p
[ 15.57226562 [ 5 0 ] [ 21 192 ] [ 15 32 ] ] # q
[ 12.42773438 [ 5 0 ] [ 40 192 ] [ 12 32 ] ] # r
[ 10.89648438 [ 5 0 ] [ 56 192 ] [ 10 32 ] ] # s
[ 9.32421875 [ 5 0 ] [ 70 192 ] [ 9 32 ] ] # t
[ 15.57226562 [ 4 0 ] [ 83 192 ] [ 16 32 ] ] # u
[ 14.0 [ 5 0 ] [ 103 192 ] [ 13 32 ] ] # v
[ 20.22070312 [ 5 0 ] [ 120 192 ] [ 20 32 ] ] # w
[ 14.0 [ 4 0 ] [ 144 192 ] [ 14 32 ] ] # x
[ 14.0 [ 4 0 ] [ 162 192 ] [ 14 32 ] ] # y
[ 12.42773438 [ 5 0 ] [ 180 192 ] [ 12 32 ] ] # z
[ 11.03320312 [ 5 0 ] [ 196 192 ] [ 9 32 ] ] # {
[ 6.166015625 [ 6 0 ] [ 209 192 ] [ 3 32 ] ] # |
[ 11.03320312 [ 6 0 ] [ 216 192 ] [ 9 32 ] ] # }
[ 14.56054688 [ 5 0 ] [ 229 192 ] [ 14 32 ] ] # ~
[ 9.8 [ 0 0 ] [ 247 192 ] [ 0 32 ] ] # 
