[ 2.0 [ 0 0 ] [ 2 0 ] [ 0 28 ] ] #  
[ 6.0 [ 7 0 ] [ 6 0 ] [ 4 28 ] ] # !
[ 18.0 [ 5 0 ] [ 14 0 ] [ 16 28 ] ] # "
[ 14.0 [ 4 0 ] [ 34 0 ] [ 12 28 ] ] # #
[ 13.0 [ 5 0 ] [ 50 0 ] [ 11 28 ] ] # $
[ 19.0 [ 6 0 ] [ 65 0 ] [ 17 28 ] ] # %
[ 20.0 [ 5 0 ] [ 86 0 ] [ 18 28 ] ] # &
[ 12.0 [ 5 0 ] [ 108 0 ] [ 10 28 ] ] # '
[ 9.0 [ 5 0 ] [ 122 0 ] [ 7 28 ] ] # (
[ 8.0 [ 5 0 ] [ 133 0 ] [ 6 28 ] ] # )
[ 11.0 [ 6 0 ] [ 143 0 ] [ 9 28 ] ] # *
[ 16.0 [ 4 0 ] [ 156 0 ] [ 14 28 ] ] # +
[ 6.0 [ 5 0 ] [ 174 0 ] [ 4 28 ] ] # ,
[ 16.0 [ 4 0 ] [ 182 0 ] [ 14 28 ] ] # -
[ 5.0 [ 6 0 ] [ 200 0 ] [ 3 28 ] ] # .
[ 9.0 [ 4 0 ] [ 207 0 ] [ 7 28 ] ] # /
[ 13.0 [ 5 0 ] [ 218 0 ] [ 11 28 ] ] # 0
[ 9.0 [ 7 0 ] [ 233 0 ] [ 7 28 ] ] # 1
[ 13.0 [ 5 0 ] [ 2 28 ] [ 11 28 ] ] # 2
[ 12.0 [ 5 0 ] [ 17 28 ] [ 10 28 ] ] # 3
[ 14.0 [ 4 0 ] [ 31 28 ] [ 12 28 ] ] # 4
[ 12.0 [ 5 0 ] [ 47 28 ] [ 10 28 ] ] # 5
[ 13.0 [ 5 0 ] [ 61 28 ] [ 11 28 ] ] # 6
[ 13.0 [ 5 0 ] [ 76 28 ] [ 11 28 ] ] # 7
[ 12.0 [ 5 0 ] [ 91 28 ] [ 10 28 ] ] # 8
[ 13.0 [ 5 0 ] [ 105 28 ] [ 11 28 ] ] # 9
[ 5.0 [ 6 0 ] [ 120 28 ] [ 3 28 ] ] # :
[ 6.0 [ 6 0 ] [ 127 28 ] [ 4 28 ] ] # ;
[ 14.0 [ 5 0 ] [ 135 28 ] [ 12 28 ] ] # <
[ 16.0 [ 4 0 ] [ 151 28 ] [ 14 28 ] ] # =
[ 14.0 [ 5 0 ] [ 169 28 ] [ 12 28 ] ] # >
[ 11.0 [ 6 0 ] [ 185 28 ] [ 9 28 ] ] # ?
[ 16.0 [ 4 0 ] [ 198 28 ] [ 14 28 ] ] # @
[ 19.0 [ 4 0 ] [ 216 28 ] [ 17 28 ] ] # A
[ 16.0 [ 5 0 ] [ 237 28 ] [ 14 28 ] ] # B
[ 20.0 [ 4 0 ] [ 2 56 ] [ 18 28 ] ] # C
[ 17.0 [ 4 0 ] [ 24 56 ] [ 15 28 ] ] # D
[ 17.0 [ 5 0 ] [ 43 56 ] [ 15 28 ] ] # E
[ 20.0 [ 5 0 ] [ 62 56 ] [ 18 28 ] ] # F
[ 16.0 [ 5 0 ] [ 84 56 ] [ 14 28 ] ] # G
[ 19.0 [ 5 0 ] [ 102 56 ] [ 17 28 ] ] # H
[ 9.0 [ 5 0 ] [ 123 56 ] [ 7 28 ] ] # I
[ 17.0 [ 5 0 ] [ 134 56 ] [ 15 28 ] ] # J
[ 19.0 [ 5 0 ] [ 153 56 ] [ 17 28 ] ] # K
[ 19.0 [ 4 0 ] [ 174 56 ] [ 17 28 ] ] # L
[ 23.0 [ 5 0 ] [ 195 56 ] [ 21 28 ] ] # M
[ 19.0 [ 5 0 ] [ 220 56 ] [ 17 28 ] ] # N
[ 19.0 [ 5 0 ] [ 2 84 ] [ 17 28 ] ] # O
[ 20.0 [ 5 0 ] [ 23 84 ] [ 18 28 ] ] # P
[ 19.0 [ 5 0 ] [ 45 84 ] [ 17 28 ] ] # Q
[ 15.0 [ 5 0 ] [ 66 84 ] [ 13 28 ] ] # R
[ 17.0 [ 4 0 ] [ 83 84 ] [ 15 28 ] ] # S
[ 16.0 [ 5 0 ] [ 102 84 ] [ 14 28 ] ] # T
[ 19.0 [ 4 0 ] [ 120 84 ] [ 17 28 ] ] # U
[ 12.0 [ 5 0 ] [ 141 84 ] [ 10 28 ] ] # V
[ 19.0 [ 5 0 ] [ 155 84 ] [ 17 28 ] ] # W
[ 16.0 [ 5 0 ] [ 176 84 ] [ 14 28 ] ] # X
[ 22.0 [ 4 0 ] [ 194 84 ] [ 20 28 ] ] # Y
[ 17.0 [ 5 0 ] [ 218 84 ] [ 15 28 ] ] # Z
[ 8.0 [ 6 0 ] [ 237 84 ] [ 6 28 ] ] # [
[ 16.0 [ 8 0 ] [ 2 112 ] [ 14 28 ] ] # \
[ 8.0 [ 5 0 ] [ 20 112 ] [ 6 28 ] ] # ]
[ 18.0 [ 4 0 ] [ 30 112 ] [ 16 28 ] ] # ^
[ 15.0 [ 4 0 ] [ 50 112 ] [ 13 28 ] ] # _
[ 2.0 [ 0 0 ] [ 67 112 ] [ 0 28 ] ] # `
[ 17.0 [ 5 0 ] [ 71 112 ] [ 15 28 ] ] # a
[ 14.0 [ 5 0 ] [ 90 112 ] [ 12 28 ] ] # b
[ 15.0 [ 4 0 ] [ 106 112 ] [ 13 28 ] ] # c
[ 13.0 [ 5 0 ] [ 123 112 ] [ 11 28 ] ] # d
[ 12.0 [ 5 0 ] [ 138 112 ] [ 10 28 ] ] # e
[ 14.0 [ 5 0 ] [ 152 112 ] [ 12 28 ] ] # f
[ 14.0 [ 4 0 ] [ 168 112 ] [ 12 28 ] ] # g
[ 15.0 [ 4 0 ] [ 184 112 ] [ 13 28 ] ] # h
[ 10.0 [ 4 0 ] [ 201 112 ] [ 8 28 ] ] # i
[ 16.0 [ 5 0 ] [ 213 112 ] [ 14 28 ] ] # j
[ 15.0 [ 5 0 ] [ 231 112 ] [ 13 28 ] ] # k
[ 15.0 [ 5 0 ] [ 2 140 ] [ 13 28 ] ] # l
[ 15.0 [ 5 0 ] [ 19 140 ] [ 13 28 ] ] # m
[ 14.0 [ 4 0 ] [ 36 140 ] [ 12 28 ] ] # n
[ 14.0 [ 5 0 ] [ 52 140 ] [ 12 28 ] ] # o
[ 16.0 [ 4 0 ] [ 68 140 ] [ 14 28 ] ] # p
[ 13.0 [ 5 0 ] [ 86 140 ] [ 11 28 ] ] # q
[ 14.0 [ 5 0 ] [ 101 140 ] [ 12 28 ] ] # r
[ 16.0 [ 5 0 ] [ 117 140 ] [ 14 28 ] ] # s
[ 13.0 [ 4 0 ] [ 135 140 ] [ 11 28 ] ] # t
[ 16.0 [ 4 0 ] [ 150 140 ] [ 14 28 ] ] # u
[ 19.0 [ 4 0 ] [ 168 140 ] [ 17 28 ] ] # v
[ 18.0 [ 5 0 ] [ 189 140 ] [ 16 28 ] ] # w
[ 13.0 [ 5 0 ] [ 209 140 ] [ 11 28 ] ] # x
[ 20.0 [ 4 0 ] [ 224 140 ] [ 18 28 ] ] # y
[ 13.0 [ 5 0 ] [ 2 168 ] [ 11 28 ] ] # z
[ 11.0 [ 5 0 ] [ 17 168 ] [ 9 28 ] ] # {
[ 4.0 [ 6 0 ] [ 30 168 ] [ 2 28 ] ] # |
[ 11.0 [ 6 0 ] [ 36 168 ] [ 9 28 ] ] # }
[ 15.0 [ 4 0 ] [ 49 168 ] [ 13 28 ] ] # ~
[ 2.0 [ 0 0 ] [ 66 168 ] [ 0 28 ] ] # 
[ 2.0 [ 0 0 ] [ 70 168 ] [ 0 28 ] ] # Ä
[ 2.0 [ 0 0 ] [ 74 168 ] [ 0 28 ] ] # Å
[ 2.0 [ 0 0 ] [ 78 168 ] [ 0 28 ] ] # Ç
[ 2.0 [ 0 0 ] [ 82 168 ] [ 0 28 ] ] # É
[ 2.0 [ 0 0 ] [ 86 168 ] [ 0 28 ] ] # Ñ
[ 2.0 [ 0 0 ] [ 90 168 ] [ 0 28 ] ] # Ö
[ 2.0 [ 0 0 ] [ 94 168 ] [ 0 28 ] ] # Ü
[ 2.0 [ 0 0 ] [ 98 168 ] [ 0 28 ] ] # á
[ 2.0 [ 0 0 ] [ 102 168 ] [ 0 28 ] ] # à
[ 2.0 [ 0 0 ] [ 106 168 ] [ 0 28 ] ] # â
[ 2.0 [ 0 0 ] [ 110 168 ] [ 0 28 ] ] # ä
[ 2.0 [ 0 0 ] [ 114 168 ] [ 0 28 ] ] # ã
[ 2.0 [ 0 0 ] [ 118 168 ] [ 0 28 ] ] # å
[ 2.0 [ 0 0 ] [ 122 168 ] [ 0 28 ] ] # ç
[ 2.0 [ 0 0 ] [ 126 168 ] [ 0 28 ] ] # é
[ 2.0 [ 0 0 ] [ 130 168 ] [ 0 28 ] ] # è
[ 2.0 [ 0 0 ] [ 134 168 ] [ 0 28 ] ] # ê
[ 2.0 [ 0 0 ] [ 138 168 ] [ 0 28 ] ] # ë
[ 2.0 [ 0 0 ] [ 142 168 ] [ 0 28 ] ] # í
[ 2.0 [ 0 0 ] [ 146 168 ] [ 0 28 ] ] # ì
[ 2.0 [ 0 0 ] [ 150 168 ] [ 0 28 ] ] # î
[ 2.0 [ 0 0 ] [ 154 168 ] [ 0 28 ] ] # ï
[ 2.0 [ 0 0 ] [ 158 168 ] [ 0 28 ] ] # ñ
[ 2.0 [ 0 0 ] [ 162 168 ] [ 0 28 ] ] # ó
[ 2.0 [ 0 0 ] [ 166 168 ] [ 0 28 ] ] # ò
[ 2.0 [ 0 0 ] [ 170 168 ] [ 0 28 ] ] # ô
[ 2.0 [ 0 0 ] [ 174 168 ] [ 0 28 ] ] # ö
[ 2.0 [ 0 0 ] [ 178 168 ] [ 0 28 ] ] # õ
[ 2.0 [ 0 0 ] [ 182 168 ] [ 0 28 ] ] # ú
[ 2.0 [ 0 0 ] [ 186 168 ] [ 0 28 ] ] # ù
[ 2.0 [ 0 0 ] [ 190 168 ] [ 0 28 ] ] # û
[ 2.0 [ 0 0 ] [ 194 168 ] [ 0 28 ] ] # ü
[ 19.0 [ 5 0 ] [ 198 168 ] [ 17 28 ] ] # †
[ 17.0 [ 4 0 ] [ 219 168 ] [ 15 28 ] ] # °
[ 7.0 [ 5 0 ] [ 238 168 ] [ 5 28 ] ] # ¢
[ 14.0 [ 5 0 ] [ 2 196 ] [ 12 28 ] ] # £
[ 15.0 [ 0 0 ] [ 18 196 ] [ 13 28 ] ] # §
[ 18.0 [ 5 0 ] [ 35 196 ] [ 16 28 ] ] # •
[ 15.0 [ 4 0 ] [ 55 196 ] [ 13 28 ] ] # ¶
[ 17.0 [ 6 0 ] [ 72 196 ] [ 15 28 ] ] # ß
[ 14.0 [ 7 0 ] [ 91 196 ] [ 12 28 ] ] # ®
[ 15.0 [ 7 0 ] [ 107 196 ] [ 13 28 ] ] # ©
[ 15.0 [ 7 0 ] [ 124 196 ] [ 13 28 ] ] # ™
[ 26.0 [ 5 0 ] [ 141 196 ] [ 24 28 ] ] # ´
[ 24.0 [ 5 0 ] [ 169 196 ] [ 22 28 ] ] # ¨
[ 15.0 [ 5 0 ] [ 195 196 ] [ 13 28 ] ] # ≠
[ 25.0 [ 5 0 ] [ 212 196 ] [ 23 28 ] ] # Æ
[ 15.0 [ 5 0 ] [ 239 196 ] [ 13 28 ] ] # Ø
[ 10.0 [ 5 0 ] [ 2 224 ] [ 8 28 ] ] # ∞
[ 16.0 [ 4 0 ] [ 14 224 ] [ 14 28 ] ] # ±
[ 13.0 [ 4 0 ] [ 32 224 ] [ 11 28 ] ] # ≤
[ 14.0 [ 5 0 ] [ 47 224 ] [ 12 28 ] ] # ≥
[ 16.0 [ 4 0 ] [ 63 224 ] [ 14 28 ] ] # ¥
[ 17.0 [ 5 0 ] [ 81 224 ] [ 15 28 ] ] # µ
[ 13.0 [ 5 0 ] [ 100 224 ] [ 11 28 ] ] # ∂
[ 12.0 [ 5 0 ] [ 115 224 ] [ 10 28 ] ] # ∑
[ 16.0 [ 4 0 ] [ 129 224 ] [ 14 28 ] ] # ∏
[ 16.0 [ 4 0 ] [ 147 224 ] [ 14 28 ] ] # π
[ 16.0 [ 4 0 ] [ 165 224 ] [ 14 28 ] ] # ∫
[ 15.0 [ 4 0 ] [ 183 224 ] [ 13 28 ] ] # ª
[ 21.0 [ 7 0 ] [ 200 224 ] [ 19 28 ] ] # º
[ 4.0 [ 11 0 ] [ 223 224 ] [ 2 28 ] ] # Ω
[ 29.0 [ 3 0 ] [ 2 252 ] [ 27 28 ] ] # æ
[ 17.0 [ 4 0 ] [ 33 252 ] [ 15 28 ] ] # ø
[ 15.0 [ 8 0 ] [ 52 252 ] [ 13 28 ] ] # ¿
[ 17.0 [ 4 0 ] [ 69 252 ] [ 15 28 ] ] # ¡
[ 20.0 [ 5 0 ] [ 88 252 ] [ 18 28 ] ] # ¬
[ 20.0 [ 8 0 ] [ 110 252 ] [ 18 28 ] ] # √
[ 19.0 [ 5 0 ] [ 132 252 ] [ 17 28 ] ] # ƒ
[ 20.0 [ 5 0 ] [ 153 252 ] [ 18 28 ] ] # ≈
[ 21.0 [ 5 0 ] [ 175 252 ] [ 19 28 ] ] # ∆
[ 19.0 [ 5 0 ] [ 198 252 ] [ 17 28 ] ] # «
[ 19.0 [ 5 0 ] [ 219 252 ] [ 17 28 ] ] # »
[ 19.0 [ 4 0 ] [ 2 280 ] [ 17 28 ] ] # …
[ 19.0 [ 4 0 ] [ 23 280 ] [ 17 28 ] ] #  
[ 18.0 [ 5 0 ] [ 44 280 ] [ 16 28 ] ] # À
[ 18.0 [ 5 0 ] [ 64 280 ] [ 16 28 ] ] # Ã
[ 18.0 [ 5 0 ] [ 84 280 ] [ 16 28 ] ] # Õ
[ 14.0 [ 5 0 ] [ 104 280 ] [ 12 28 ] ] # Œ
[ 14.0 [ 5 0 ] [ 120 280 ] [ 12 28 ] ] # œ
[ 19.0 [ 5 0 ] [ 136 280 ] [ 17 28 ] ] # –
[ 18.0 [ 5 0 ] [ 157 280 ] [ 16 28 ] ] # —
[ 20.0 [ 5 0 ] [ 177 280 ] [ 18 28 ] ] # “
[ 20.0 [ 5 0 ] [ 199 280 ] [ 18 28 ] ] # ”
[ 23.0 [ 4 0 ] [ 221 280 ] [ 21 28 ] ] # ‘
[ 21.0 [ 5 0 ] [ 2 308 ] [ 19 28 ] ] # ’
[ 15.0 [ 4 0 ] [ 25 308 ] [ 13 28 ] ] # ÷
[ 5.0 [ 6 0 ] [ 42 308 ] [ 3 28 ] ] # ◊
[ 19.0 [ 4 0 ] [ 49 308 ] [ 17 28 ] ] # ÿ
[ 16.0 [ 5 0 ] [ 70 308 ] [ 14 28 ] ] # Ÿ
[ 16.0 [ 5 0 ] [ 88 308 ] [ 14 28 ] ] # ⁄
[ 26.0 [ 5 0 ] [ 106 308 ] [ 24 28 ] ] # €
[ 24.0 [ 5 0 ] [ 134 308 ] [ 22 28 ] ] # ‹
[ 15.0 [ 5 0 ] [ 160 308 ] [ 13 28 ] ] # ›
[ 25.0 [ 5 0 ] [ 177 308 ] [ 23 28 ] ] # ﬁ
[ 15.0 [ 5 0 ] [ 204 308 ] [ 13 28 ] ] # ﬂ
[ 14.0 [ 4 0 ] [ 221 308 ] [ 12 28 ] ] # ‡
[ 9.0 [ 5 0 ] [ 237 308 ] [ 7 28 ] ] # ·
[ 20.0 [ 5 0 ] [ 2 336 ] [ 18 28 ] ] # ‚
[ 20.0 [ 5 0 ] [ 24 336 ] [ 18 28 ] ] # „
[ 20.0 [ 4 0 ] [ 46 336 ] [ 18 28 ] ] # ‰
[ 19.0 [ 4 0 ] [ 68 336 ] [ 17 28 ] ] # Â
[ 9.0 [ 5 0 ] [ 89 336 ] [ 7 28 ] ] # Ê
[ 4.0 [ 5 0 ] [ 100 336 ] [ 2 28 ] ] # Á
[ 12.0 [ 5 0 ] [ 106 336 ] [ 10 28 ] ] # Ë
[ 4.0 [ 4 0 ] [ 120 336 ] [ 2 28 ] ] # È
[ 4.0 [ 4 0 ] [ 126 336 ] [ 2 28 ] ] # Í
[ 11.0 [ 4 0 ] [ 132 336 ] [ 9 28 ] ] # Î
[ 4.0 [ 9 0 ] [ 145 336 ] [ 2 28 ] ] # Ï
[ 9.0 [ 4 0 ] [ 151 336 ] [ 7 28 ] ] # Ì
[ 8.0 [ 9 0 ] [ 162 336 ] [ 6 28 ] ] # Ó
[ 4.0 [ 9 0 ] [ 172 336 ] [ 2 28 ] ] # Ô
[ 2.0 [ 0 0 ] [ 178 336 ] [ 0 28 ] ] # 
[ 9.0 [ 5 0 ] [ 182 336 ] [ 7 28 ] ] # Ò
[ 7.0 [ 4 0 ] [ 193 336 ] [ 5 28 ] ] # Ú
[ 11.0 [ 12 0 ] [ 202 336 ] [ 9 28 ] ] # Û
[ 5.0 [ 12 0 ] [ 215 336 ] [ 3 28 ] ] # Ù
[ 12.0 [ 5 0 ] [ 222 336 ] [ 10 28 ] ] # ı
[ 9.0 [ 9 0 ] [ 236 336 ] [ 7 28 ] ] # ˆ
[ 4.0 [ 14 0 ] [ 247 336 ] [ 2 28 ] ] # ˜
[ 12.0 [ 6 0 ] [ 2 364 ] [ 10 28 ] ] # ¯
[ 4.0 [ 11 0 ] [ 16 364 ] [ 2 28 ] ] # ˘
[ 4.0 [ 11 0 ] [ 22 364 ] [ 2 28 ] ] # ˙
[ 11.0 [ 4 0 ] [ 28 364 ] [ 9 28 ] ] # ˚
[ 5.0 [ 8 0 ] [ 41 364 ] [ 3 28 ] ] # ¸
[ 8.0 [ 9 0 ] [ 48 364 ] [ 6 28 ] ] # ˝
[ 9.0 [ 4 0 ] [ 58 364 ] [ 7 28 ] ] # ˛
[ 2.0 [ 0 0 ] [ 69 364 ] [ 0 28 ] ] # ˇ
