[ 4.9 [ 0 0 ] [ 2 0 ] [ 0 18 ] ] #  
[ 4.662109375 [ 6 0 ] [ 6 0 ] [ 2 18 ] ] # !
[ 5.71484375 [ 5 0 ] [ 12 0 ] [ 4 18 ] ] # "
[ 7.0 [ 4 0 ] [ 20 0 ] [ 8 18 ] ] # #
[ 7.0 [ 5 0 ] [ 32 0 ] [ 6 18 ] ] # $
[ 11.66210938 [ 5 0 ] [ 42 0 ] [ 11 18 ] ] # %
[ 10.88964844 [ 5 0 ] [ 57 0 ] [ 10 18 ] ] # &
[ 2.522460938 [ 5 0 ] [ 71 0 ] [ 3 18 ] ] # '
[ 4.662109375 [ 5 0 ] [ 78 0 ] [ 4 18 ] ] # (
[ 4.662109375 [ 4 0 ] [ 86 0 ] [ 5 18 ] ] # )
[ 7.0 [ 5 0 ] [ 95 0 ] [ 6 18 ] ] # *
[ 7.895507812 [ 4 0 ] [ 105 0 ] [ 8 18 ] ] # +
[ 3.5 [ 5 0 ] [ 117 0 ] [ 3 18 ] ] # ,
[ 4.662109375 [ 5 0 ] [ 124 0 ] [ 4 18 ] ] # -
[ 3.5 [ 5 0 ] [ 132 0 ] [ 2 18 ] ] # .
[ 3.889648438 [ 4 0 ] [ 138 0 ] [ 5 18 ] ] # /
[ 7.0 [ 4 0 ] [ 147 0 ] [ 7 18 ] ] # 0
[ 7.0 [ 6 0 ] [ 158 0 ] [ 4 18 ] ] # 1
[ 7.0 [ 4 0 ] [ 166 0 ] [ 7 18 ] ] # 2
[ 7.0 [ 5 0 ] [ 177 0 ] [ 6 18 ] ] # 3
[ 7.0 [ 4 0 ] [ 187 0 ] [ 7 18 ] ] # 4
[ 7.0 [ 4 0 ] [ 198 0 ] [ 7 18 ] ] # 5
[ 7.0 [ 4 0 ] [ 209 0 ] [ 7 18 ] ] # 6
[ 7.0 [ 4 0 ] [ 220 0 ] [ 7 18 ] ] # 7
[ 7.0 [ 5 0 ] [ 231 0 ] [ 6 18 ] ] # 8
[ 7.0 [ 4 0 ] [ 241 0 ] [ 7 18 ] ] # 9
[ 3.889648438 [ 5 0 ] [ 252 0 ] [ 2 18 ] ] # :
[ 3.889648438 [ 5 0 ] [ 2 18 ] [ 3 18 ] ] # ;
[ 7.895507812 [ 4 0 ] [ 9 18 ] [ 8 18 ] ] # <
[ 7.895507812 [ 4 0 ] [ 21 18 ] [ 8 18 ] ] # =
[ 7.895507812 [ 4 0 ] [ 33 18 ] [ 8 18 ] ] # >
[ 6.213867188 [ 5 0 ] [ 45 18 ] [ 6 18 ] ] # ?
[ 12.89257812 [ 6 0 ] [ 55 18 ] [ 10 18 ] ] # @
[ 10.11035156 [ 4 0 ] [ 69 18 ] [ 11 18 ] ] # A
[ 9.337890625 [ 4 0 ] [ 84 18 ] [ 9 18 ] ] # B
[ 9.337890625 [ 4 0 ] [ 97 18 ] [ 10 18 ] ] # C
[ 10.11035156 [ 4 0 ] [ 111 18 ] [ 10 18 ] ] # D
[ 8.551757812 [ 4 0 ] [ 125 18 ] [ 9 18 ] ] # E
[ 7.786132812 [ 4 0 ] [ 138 18 ] [ 8 18 ] ] # F
[ 10.11035156 [ 4 0 ] [ 150 18 ] [ 11 18 ] ] # G
[ 10.11035156 [ 4 0 ] [ 165 18 ] [ 11 18 ] ] # H
[ 4.662109375 [ 4 0 ] [ 180 18 ] [ 5 18 ] ] # I
[ 5.448242188 [ 4 0 ] [ 189 18 ] [ 6 18 ] ] # J
[ 10.11035156 [ 4 0 ] [ 199 18 ] [ 11 18 ] ] # K
[ 8.551757812 [ 4 0 ] [ 214 18 ] [ 9 18 ] ] # L
[ 12.44824219 [ 4 0 ] [ 227 18 ] [ 13 18 ] ] # M
[ 10.11035156 [ 4 0 ] [ 2 36 ] [ 11 18 ] ] # N
[ 10.11035156 [ 4 0 ] [ 17 36 ] [ 10 18 ] ] # O
[ 7.786132812 [ 4 0 ] [ 31 36 ] [ 8 18 ] ] # P
[ 10.11035156 [ 4 0 ] [ 43 36 ] [ 11 18 ] ] # Q
[ 9.337890625 [ 4 0 ] [ 58 36 ] [ 10 18 ] ] # R
[ 7.786132812 [ 5 0 ] [ 72 36 ] [ 7 18 ] ] # S
[ 8.551757812 [ 4 0 ] [ 83 36 ] [ 9 18 ] ] # T
[ 10.11035156 [ 4 0 ] [ 96 36 ] [ 11 18 ] ] # U
[ 10.11035156 [ 4 0 ] [ 111 36 ] [ 11 18 ] ] # V
[ 13.21386719 [ 4 0 ] [ 126 36 ] [ 14 18 ] ] # W
[ 10.11035156 [ 4 0 ] [ 144 36 ] [ 11 18 ] ] # X
[ 10.11035156 [ 4 0 ] [ 159 36 ] [ 11 18 ] ] # Y
[ 8.551757812 [ 4 0 ] [ 174 36 ] [ 9 18 ] ] # Z
[ 4.662109375 [ 5 0 ] [ 187 36 ] [ 4 18 ] ] # [
[ 3.889648438 [ 4 0 ] [ 195 36 ] [ 5 18 ] ] # \
[ 4.662109375 [ 4 0 ] [ 204 36 ] [ 4 18 ] ] # ]
[ 6.569335938 [ 4 0 ] [ 212 36 ] [ 7 18 ] ] # ^
[ 7.0 [ 4 0 ] [ 223 36 ] [ 8 18 ] ] # _
[ 4.662109375 [ 6 0 ] [ 235 36 ] [ 2 18 ] ] # `
[ 6.213867188 [ 5 0 ] [ 241 36 ] [ 6 18 ] ] # a
[ 7.0 [ 4 0 ] [ 2 54 ] [ 7 18 ] ] # b
[ 6.213867188 [ 4 0 ] [ 13 54 ] [ 7 18 ] ] # c
[ 7.0 [ 4 0 ] [ 24 54 ] [ 8 18 ] ] # d
[ 6.213867188 [ 4 0 ] [ 36 54 ] [ 7 18 ] ] # e
[ 4.662109375 [ 4 0 ] [ 47 54 ] [ 6 18 ] ] # f
[ 7.0 [ 4 0 ] [ 57 54 ] [ 7 18 ] ] # g
[ 7.0 [ 4 0 ] [ 68 54 ] [ 8 18 ] ] # h
[ 3.889648438 [ 4 0 ] [ 80 54 ] [ 4 18 ] ] # i
[ 3.889648438 [ 3 0 ] [ 88 54 ] [ 5 18 ] ] # j
[ 7.0 [ 4 0 ] [ 97 54 ] [ 8 18 ] ] # k
[ 3.889648438 [ 4 0 ] [ 109 54 ] [ 4 18 ] ] # l
[ 10.88964844 [ 4 0 ] [ 117 54 ] [ 12 18 ] ] # m
[ 7.0 [ 4 0 ] [ 133 54 ] [ 8 18 ] ] # n
[ 7.0 [ 4 0 ] [ 145 54 ] [ 7 18 ] ] # o
[ 7.0 [ 4 0 ] [ 156 54 ] [ 7 18 ] ] # p
[ 7.0 [ 4 0 ] [ 167 54 ] [ 8 18 ] ] # q
[ 4.662109375 [ 4 0 ] [ 179 54 ] [ 5 18 ] ] # r
[ 5.448242188 [ 5 0 ] [ 188 54 ] [ 5 18 ] ] # s
[ 3.889648438 [ 4 0 ] [ 197 54 ] [ 5 18 ] ] # t
[ 7.0 [ 4 0 ] [ 206 54 ] [ 8 18 ] ] # u
[ 7.0 [ 4 0 ] [ 218 54 ] [ 7 18 ] ] # v
[ 10.11035156 [ 4 0 ] [ 229 54 ] [ 11 18 ] ] # w
[ 7.0 [ 4 0 ] [ 244 54 ] [ 8 18 ] ] # x
[ 7.0 [ 4 0 ] [ 2 72 ] [ 7 18 ] ] # y
[ 6.213867188 [ 4 0 ] [ 13 72 ] [ 7 18 ] ] # z
[ 6.719726562 [ 5 0 ] [ 24 72 ] [ 5 18 ] ] # {
[ 2.802734375 [ 5 0 ] [ 33 72 ] [ 2 18 ] ] # |
[ 6.719726562 [ 6 0 ] [ 39 72 ] [ 4 18 ] ] # }
[ 7.57421875 [ 5 0 ] [ 47 72 ] [ 7 18 ] ] # ~
[ 4.9 [ 0 0 ] [ 58 72 ] [ 0 18 ] ] # 
