[ 5.6 [ 0 0 ] [ 2 0 ] [ 0 20 ] ] #  
[ 5.328125 [ 6 0 ] [ 6 0 ] [ 3 20 ] ] # !
[ 6.53125 [ 5 0 ] [ 13 0 ] [ 5 20 ] ] # "
[ 8.0 [ 4 0 ] [ 22 0 ] [ 9 20 ] ] # #
[ 8.0 [ 5 0 ] [ 35 0 ] [ 7 20 ] ] # $
[ 13.328125 [ 5 0 ] [ 46 0 ] [ 12 20 ] ] # %
[ 12.4453125 [ 5 0 ] [ 62 0 ] [ 12 20 ] ] # &
[ 2.8828125 [ 5 0 ] [ 78 0 ] [ 3 20 ] ] # '
[ 5.328125 [ 5 0 ] [ 85 0 ] [ 5 20 ] ] # (
[ 5.328125 [ 5 0 ] [ 94 0 ] [ 4 20 ] ] # )
[ 8.0 [ 5 0 ] [ 102 0 ] [ 7 20 ] ] # *
[ 9.0234375 [ 4 0 ] [ 113 0 ] [ 9 20 ] ] # +
[ 4.0 [ 5 0 ] [ 126 0 ] [ 3 20 ] ] # ,
[ 5.328125 [ 5 0 ] [ 133 0 ] [ 4 20 ] ] # -
[ 4.0 [ 5 0 ] [ 141 0 ] [ 3 20 ] ] # .
[ 4.4453125 [ 4 0 ] [ 148 0 ] [ 5 20 ] ] # /
[ 8.0 [ 4 0 ] [ 157 0 ] [ 8 20 ] ] # 0
[ 8.0 [ 6 0 ] [ 169 0 ] [ 5 20 ] ] # 1
[ 8.0 [ 4 0 ] [ 178 0 ] [ 8 20 ] ] # 2
[ 8.0 [ 5 0 ] [ 190 0 ] [ 7 20 ] ] # 3
[ 8.0 [ 4 0 ] [ 201 0 ] [ 8 20 ] ] # 4
[ 8.0 [ 5 0 ] [ 213 0 ] [ 7 20 ] ] # 5
[ 8.0 [ 5 0 ] [ 224 0 ] [ 7 20 ] ] # 6
[ 8.0 [ 4 0 ] [ 235 0 ] [ 8 20 ] ] # 7
[ 8.0 [ 5 0 ] [ 247 0 ] [ 7 20 ] ] # 8
[ 8.0 [ 5 0 ] [ 2 20 ] [ 7 20 ] ] # 9
[ 4.4453125 [ 5 0 ] [ 13 20 ] [ 3 20 ] ] # :
[ 4.4453125 [ 5 0 ] [ 20 20 ] [ 3 20 ] ] # ;
[ 9.0234375 [ 4 0 ] [ 27 20 ] [ 9 20 ] ] # <
[ 9.0234375 [ 4 0 ] [ 40 20 ] [ 9 20 ] ] # =
[ 9.0234375 [ 4 0 ] [ 53 20 ] [ 9 20 ] ] # >
[ 7.1015625 [ 5 0 ] [ 66 20 ] [ 6 20 ] ] # ?
[ 14.734375 [ 6 0 ] [ 76 20 ] [ 12 20 ] ] # @
[ 11.5546875 [ 4 0 ] [ 92 20 ] [ 12 20 ] ] # A
[ 10.671875 [ 4 0 ] [ 108 20 ] [ 10 20 ] ] # B
[ 10.671875 [ 4 0 ] [ 122 20 ] [ 11 20 ] ] # C
[ 11.5546875 [ 4 0 ] [ 137 20 ] [ 12 20 ] ] # D
[ 9.7734375 [ 4 0 ] [ 153 20 ] [ 10 20 ] ] # E
[ 8.8984375 [ 4 0 ] [ 167 20 ] [ 10 20 ] ] # F
[ 11.5546875 [ 5 0 ] [ 181 20 ] [ 11 20 ] ] # G
[ 11.5546875 [ 4 0 ] [ 196 20 ] [ 12 20 ] ] # H
[ 5.328125 [ 4 0 ] [ 212 20 ] [ 6 20 ] ] # I
[ 6.2265625 [ 4 0 ] [ 222 20 ] [ 7 20 ] ] # J
[ 11.5546875 [ 5 0 ] [ 233 20 ] [ 11 20 ] ] # K
[ 9.7734375 [ 4 0 ] [ 2 40 ] [ 10 20 ] ] # L
[ 14.2265625 [ 4 0 ] [ 16 40 ] [ 15 20 ] ] # M
[ 11.5546875 [ 4 0 ] [ 35 40 ] [ 12 20 ] ] # N
[ 11.5546875 [ 5 0 ] [ 51 40 ] [ 11 20 ] ] # O
[ 8.8984375 [ 4 0 ] [ 66 40 ] [ 9 20 ] ] # P
[ 11.5546875 [ 5 0 ] [ 79 40 ] [ 11 20 ] ] # Q
[ 10.671875 [ 4 0 ] [ 94 40 ] [ 11 20 ] ] # R
[ 8.8984375 [ 5 0 ] [ 109 40 ] [ 8 20 ] ] # S
[ 9.7734375 [ 4 0 ] [ 121 40 ] [ 10 20 ] ] # T
[ 11.5546875 [ 4 0 ] [ 135 40 ] [ 12 20 ] ] # U
[ 11.5546875 [ 4 0 ] [ 151 40 ] [ 12 20 ] ] # V
[ 15.1015625 [ 4 0 ] [ 167 40 ] [ 16 20 ] ] # W
[ 11.5546875 [ 4 0 ] [ 187 40 ] [ 12 20 ] ] # X
[ 11.5546875 [ 4 0 ] [ 203 40 ] [ 12 20 ] ] # Y
[ 9.7734375 [ 4 0 ] [ 219 40 ] [ 10 20 ] ] # Z
[ 5.328125 [ 5 0 ] [ 233 40 ] [ 5 20 ] ] # [
[ 4.4453125 [ 4 0 ] [ 242 40 ] [ 5 20 ] ] # \
[ 5.328125 [ 5 0 ] [ 2 60 ] [ 4 20 ] ] # ]
[ 7.5078125 [ 4 0 ] [ 10 60 ] [ 8 20 ] ] # ^
[ 8.0 [ 4 0 ] [ 22 60 ] [ 9 20 ] ] # _
[ 5.328125 [ 6 0 ] [ 35 60 ] [ 3 20 ] ] # `
[ 7.1015625 [ 5 0 ] [ 42 60 ] [ 7 20 ] ] # a
[ 8.0 [ 4 0 ] [ 53 60 ] [ 8 20 ] ] # b
[ 7.1015625 [ 4 0 ] [ 65 60 ] [ 7 20 ] ] # c
[ 8.0 [ 4 0 ] [ 76 60 ] [ 9 20 ] ] # d
[ 7.1015625 [ 4 0 ] [ 89 60 ] [ 8 20 ] ] # e
[ 5.328125 [ 4 0 ] [ 101 60 ] [ 7 20 ] ] # f
[ 8.0 [ 4 0 ] [ 112 60 ] [ 8 20 ] ] # g
[ 8.0 [ 4 0 ] [ 124 60 ] [ 9 20 ] ] # h
[ 4.4453125 [ 4 0 ] [ 137 60 ] [ 5 20 ] ] # i
[ 4.4453125 [ 3 0 ] [ 146 60 ] [ 5 20 ] ] # j
[ 8.0 [ 4 0 ] [ 155 60 ] [ 9 20 ] ] # k
[ 4.4453125 [ 4 0 ] [ 168 60 ] [ 5 20 ] ] # l
[ 12.4453125 [ 4 0 ] [ 177 60 ] [ 13 20 ] ] # m
[ 8.0 [ 4 0 ] [ 194 60 ] [ 9 20 ] ] # n
[ 8.0 [ 4 0 ] [ 207 60 ] [ 8 20 ] ] # o
[ 8.0 [ 4 0 ] [ 219 60 ] [ 8 20 ] ] # p
[ 8.0 [ 4 0 ] [ 231 60 ] [ 9 20 ] ] # q
[ 5.328125 [ 4 0 ] [ 244 60 ] [ 6 20 ] ] # r
[ 6.2265625 [ 5 0 ] [ 2 80 ] [ 5 20 ] ] # s
[ 4.4453125 [ 4 0 ] [ 11 80 ] [ 5 20 ] ] # t
[ 8.0 [ 4 0 ] [ 20 80 ] [ 8 20 ] ] # u
[ 8.0 [ 4 0 ] [ 32 80 ] [ 8 20 ] ] # v
[ 11.5546875 [ 4 0 ] [ 44 80 ] [ 12 20 ] ] # w
[ 8.0 [ 4 0 ] [ 60 80 ] [ 8 20 ] ] # x
[ 8.0 [ 4 0 ] [ 72 80 ] [ 8 20 ] ] # y
[ 7.1015625 [ 4 0 ] [ 84 80 ] [ 7 20 ] ] # z
[ 7.6796875 [ 6 0 ] [ 95 80 ] [ 4 20 ] ] # {
[ 3.203125 [ 5 0 ] [ 103 80 ] [ 2 20 ] ] # |
[ 7.6796875 [ 6 0 ] [ 109 80 ] [ 5 20 ] ] # }
[ 8.65625 [ 5 0 ] [ 118 80 ] [ 8 20 ] ] # ~
[ 5.6 [ 0 0 ] [ 130 80 ] [ 0 20 ] ] # 
