[ 9.343359375 [ 0 0 ] [ 2 0 ] [ 0 28 ] ] #  
[ 6.66796875 [ 7 0 ] [ 6 0 ] [ 3 28 ] ] # !
[ 8.51953125 [ 5 0 ] [ 13 0 ] [ 7 28 ] ] # "
[ 13.34765625 [ 4 0 ] [ 24 0 ] [ 14 28 ] ] # #
[ 13.34765625 [ 5 0 ] [ 42 0 ] [ 12 28 ] ] # $
[ 21.33984375 [ 5 0 ] [ 58 0 ] [ 20 28 ] ] # %
[ 16.0078125 [ 5 0 ] [ 82 0 ] [ 15 28 ] ] # &
[ 4.58203125 [ 6 0 ] [ 101 0 ] [ 3 28 ] ] # '
[ 7.9921875 [ 6 0 ] [ 108 0 ] [ 6 28 ] ] # (
[ 7.9921875 [ 5 0 ] [ 118 0 ] [ 6 28 ] ] # )
[ 9.33984375 [ 5 0 ] [ 128 0 ] [ 8 28 ] ] # *
[ 14.015625 [ 5 0 ] [ 140 0 ] [ 13 28 ] ] # +
[ 6.66796875 [ 6 0 ] [ 157 0 ] [ 3 28 ] ] # ,
[ 7.9921875 [ 5 0 ] [ 164 0 ] [ 7 28 ] ] # -
[ 6.66796875 [ 6 0 ] [ 175 0 ] [ 3 28 ] ] # .
[ 6.66796875 [ 4 0 ] [ 182 0 ] [ 8 28 ] ] # /
[ 13.34765625 [ 5 0 ] [ 194 0 ] [ 12 28 ] ] # 0
[ 13.34765625 [ 6 0 ] [ 210 0 ] [ 7 28 ] ] # 1
[ 13.34765625 [ 5 0 ] [ 221 0 ] [ 12 28 ] ] # 2
[ 13.34765625 [ 5 0 ] [ 237 0 ] [ 12 28 ] ] # 3
[ 13.34765625 [ 5 0 ] [ 2 28 ] [ 12 28 ] ] # 4
[ 13.34765625 [ 5 0 ] [ 18 28 ] [ 12 28 ] ] # 5
[ 13.34765625 [ 5 0 ] [ 34 28 ] [ 12 28 ] ] # 6
[ 13.34765625 [ 5 0 ] [ 50 28 ] [ 12 28 ] ] # 7
[ 13.34765625 [ 5 0 ] [ 66 28 ] [ 12 28 ] ] # 8
[ 13.34765625 [ 5 0 ] [ 82 28 ] [ 12 28 ] ] # 9
[ 6.66796875 [ 7 0 ] [ 98 28 ] [ 3 28 ] ] # :
[ 6.66796875 [ 7 0 ] [ 105 28 ] [ 3 28 ] ] # ;
[ 14.015625 [ 5 0 ] [ 112 28 ] [ 13 28 ] ] # <
[ 14.015625 [ 5 0 ] [ 129 28 ] [ 13 28 ] ] # =
[ 14.015625 [ 5 0 ] [ 146 28 ] [ 13 28 ] ] # >
[ 13.34765625 [ 6 0 ] [ 163 28 ] [ 11 28 ] ] # ?
[ 24.36328125 [ 5 0 ] [ 178 28 ] [ 23 28 ] ] # @
[ 16.0078125 [ 4 0 ] [ 205 28 ] [ 16 28 ] ] # A
[ 16.0078125 [ 6 0 ] [ 225 28 ] [ 14 28 ] ] # B
[ 17.33203125 [ 5 0 ] [ 2 56 ] [ 16 28 ] ] # C
[ 17.33203125 [ 6 0 ] [ 22 56 ] [ 15 28 ] ] # D
[ 16.0078125 [ 6 0 ] [ 41 56 ] [ 14 28 ] ] # E
[ 14.66015625 [ 6 0 ] [ 59 56 ] [ 13 28 ] ] # F
[ 18.66796875 [ 5 0 ] [ 76 56 ] [ 17 28 ] ] # G
[ 17.33203125 [ 6 0 ] [ 97 56 ] [ 14 28 ] ] # H
[ 6.66796875 [ 6 0 ] [ 115 56 ] [ 3 28 ] ] # I
[ 12.0 [ 4 0 ] [ 122 56 ] [ 11 28 ] ] # J
[ 16.0078125 [ 6 0 ] [ 137 56 ] [ 15 28 ] ] # K
[ 13.34765625 [ 6 0 ] [ 156 56 ] [ 12 28 ] ] # L
[ 19.9921875 [ 6 0 ] [ 172 56 ] [ 17 28 ] ] # M
[ 17.33203125 [ 6 0 ] [ 193 56 ] [ 14 28 ] ] # N
[ 18.66796875 [ 5 0 ] [ 211 56 ] [ 18 28 ] ] # O
[ 16.0078125 [ 6 0 ] [ 233 56 ] [ 14 28 ] ] # P
[ 18.66796875 [ 5 0 ] [ 2 84 ] [ 18 28 ] ] # Q
[ 17.33203125 [ 6 0 ] [ 24 84 ] [ 15 28 ] ] # R
[ 16.0078125 [ 5 0 ] [ 43 84 ] [ 15 28 ] ] # S
[ 14.66015625 [ 5 0 ] [ 62 84 ] [ 14 28 ] ] # T
[ 17.33203125 [ 6 0 ] [ 80 84 ] [ 14 28 ] ] # U
[ 16.0078125 [ 5 0 ] [ 98 84 ] [ 15 28 ] ] # V
[ 22.65234375 [ 5 0 ] [ 117 84 ] [ 22 28 ] ] # W
[ 16.0078125 [ 5 0 ] [ 143 84 ] [ 15 28 ] ] # X
[ 16.0078125 [ 4 0 ] [ 162 84 ] [ 17 28 ] ] # Y
[ 14.66015625 [ 5 0 ] [ 183 84 ] [ 14 28 ] ] # Z
[ 6.66796875 [ 6 0 ] [ 201 84 ] [ 5 28 ] ] # [
[ 6.66796875 [ 4 0 ] [ 210 84 ] [ 8 28 ] ] # \
[ 6.66796875 [ 5 0 ] [ 222 84 ] [ 5 28 ] ] # ]
[ 11.26171875 [ 5 0 ] [ 231 84 ] [ 10 28 ] ] # ^
[ 13.34765625 [ 3 0 ] [ 2 112 ] [ 16 28 ] ] # _
[ 7.9921875 [ 6 0 ] [ 22 112 ] [ 3 28 ] ] # `
[ 13.34765625 [ 5 0 ] [ 29 112 ] [ 13 28 ] ] # a
[ 13.34765625 [ 5 0 ] [ 46 112 ] [ 12 28 ] ] # b
[ 12.0 [ 5 0 ] [ 62 112 ] [ 11 28 ] ] # c
[ 13.34765625 [ 5 0 ] [ 77 112 ] [ 12 28 ] ] # d
[ 13.34765625 [ 5 0 ] [ 93 112 ] [ 12 28 ] ] # e
[ 6.66796875 [ 4 0 ] [ 109 112 ] [ 7 28 ] ] # f
[ 13.34765625 [ 5 0 ] [ 120 112 ] [ 12 28 ] ] # g
[ 13.34765625 [ 6 0 ] [ 136 112 ] [ 10 28 ] ] # h
[ 5.33203125 [ 6 0 ] [ 150 112 ] [ 2 28 ] ] # i
[ 5.33203125 [ 4 0 ] [ 156 112 ] [ 4 28 ] ] # j
[ 12.0 [ 5 0 ] [ 164 112 ] [ 12 28 ] ] # k
[ 5.33203125 [ 6 0 ] [ 180 112 ] [ 2 28 ] ] # l
[ 19.9921875 [ 6 0 ] [ 186 112 ] [ 17 28 ] ] # m
[ 13.34765625 [ 6 0 ] [ 207 112 ] [ 10 28 ] ] # n
[ 13.34765625 [ 5 0 ] [ 221 112 ] [ 12 28 ] ] # o
[ 13.34765625 [ 5 0 ] [ 237 112 ] [ 12 28 ] ] # p
[ 13.34765625 [ 5 0 ] [ 2 140 ] [ 12 28 ] ] # q
[ 7.9921875 [ 6 0 ] [ 18 140 ] [ 7 28 ] ] # r
[ 12.0 [ 5 0 ] [ 29 140 ] [ 11 28 ] ] # s
[ 6.66796875 [ 4 0 ] [ 44 140 ] [ 7 28 ] ] # t
[ 13.34765625 [ 6 0 ] [ 55 140 ] [ 10 28 ] ] # u
[ 12.0 [ 4 0 ] [ 69 140 ] [ 12 28 ] ] # v
[ 17.33203125 [ 4 0 ] [ 85 140 ] [ 18 28 ] ] # w
[ 12.0 [ 4 0 ] [ 107 140 ] [ 12 28 ] ] # x
[ 12.0 [ 5 0 ] [ 123 140 ] [ 11 28 ] ] # y
[ 12.0 [ 5 0 ] [ 138 140 ] [ 11 28 ] ] # z
[ 8.015625 [ 5 0 ] [ 153 140 ] [ 6 28 ] ] # {
[ 6.234375 [ 6 0 ] [ 163 140 ] [ 3 28 ] ] # |
[ 8.015625 [ 5 0 ] [ 170 140 ] [ 6 28 ] ] # }
[ 14.015625 [ 6 0 ] [ 180 140 ] [ 11 28 ] ] # ~
[ 9.343359375 [ 0 0 ] [ 195 140 ] [ 0 28 ] ] # 
