[ 2.0 [ 0 0 ] [ 2 0 ] [ 0 32 ] ] #  
[ 6.0 [ 8 0 ] [ 6 0 ] [ 4 32 ] ] # !
[ 21.0 [ 5 0 ] [ 14 0 ] [ 19 32 ] ] # "
[ 15.0 [ 5 0 ] [ 37 0 ] [ 13 32 ] ] # #
[ 15.0 [ 5 0 ] [ 54 0 ] [ 13 32 ] ] # $
[ 22.0 [ 6 0 ] [ 71 0 ] [ 20 32 ] ] # %
[ 23.0 [ 5 0 ] [ 95 0 ] [ 21 32 ] ] # &
[ 13.0 [ 5 0 ] [ 120 0 ] [ 11 32 ] ] # '
[ 10.0 [ 5 0 ] [ 135 0 ] [ 8 32 ] ] # (
[ 10.0 [ 5 0 ] [ 147 0 ] [ 8 32 ] ] # )
[ 13.0 [ 6 0 ] [ 159 0 ] [ 11 32 ] ] # *
[ 18.0 [ 4 0 ] [ 174 0 ] [ 16 32 ] ] # +
[ 6.0 [ 6 0 ] [ 194 0 ] [ 4 32 ] ] # ,
[ 18.0 [ 4 0 ] [ 202 0 ] [ 16 32 ] ] # -
[ 6.0 [ 6 0 ] [ 222 0 ] [ 4 32 ] ] # .
[ 10.0 [ 4 0 ] [ 230 0 ] [ 8 32 ] ] # /
[ 15.0 [ 5 0 ] [ 2 32 ] [ 13 32 ] ] # 0
[ 11.0 [ 7 0 ] [ 19 32 ] [ 9 32 ] ] # 1
[ 15.0 [ 5 0 ] [ 32 32 ] [ 13 32 ] ] # 2
[ 14.0 [ 5 0 ] [ 49 32 ] [ 12 32 ] ] # 3
[ 16.0 [ 4 0 ] [ 65 32 ] [ 14 32 ] ] # 4
[ 14.0 [ 5 0 ] [ 83 32 ] [ 12 32 ] ] # 5
[ 15.0 [ 5 0 ] [ 99 32 ] [ 13 32 ] ] # 6
[ 14.0 [ 5 0 ] [ 116 32 ] [ 12 32 ] ] # 7
[ 14.0 [ 5 0 ] [ 132 32 ] [ 12 32 ] ] # 8
[ 15.0 [ 5 0 ] [ 148 32 ] [ 13 32 ] ] # 9
[ 6.0 [ 6 0 ] [ 165 32 ] [ 4 32 ] ] # :
[ 7.0 [ 6 0 ] [ 173 32 ] [ 5 32 ] ] # ;
[ 16.0 [ 5 0 ] [ 182 32 ] [ 14 32 ] ] # <
[ 18.0 [ 4 0 ] [ 200 32 ] [ 16 32 ] ] # =
[ 16.0 [ 5 0 ] [ 220 32 ] [ 14 32 ] ] # >
[ 12.0 [ 6 0 ] [ 238 32 ] [ 10 32 ] ] # ?
[ 18.0 [ 4 0 ] [ 2 64 ] [ 16 32 ] ] # @
[ 22.0 [ 4 0 ] [ 22 64 ] [ 20 32 ] ] # A
[ 18.0 [ 5 0 ] [ 46 64 ] [ 16 32 ] ] # B
[ 23.0 [ 4 0 ] [ 66 64 ] [ 21 32 ] ] # C
[ 20.0 [ 4 0 ] [ 91 64 ] [ 18 32 ] ] # D
[ 19.0 [ 5 0 ] [ 113 64 ] [ 17 32 ] ] # E
[ 23.0 [ 5 0 ] [ 134 64 ] [ 21 32 ] ] # F
[ 19.0 [ 5 0 ] [ 159 64 ] [ 17 32 ] ] # G
[ 22.0 [ 5 0 ] [ 180 64 ] [ 20 32 ] ] # H
[ 11.0 [ 5 0 ] [ 204 64 ] [ 9 32 ] ] # I
[ 19.0 [ 5 0 ] [ 217 64 ] [ 17 32 ] ] # J
[ 22.0 [ 5 0 ] [ 2 96 ] [ 20 32 ] ] # K
[ 22.0 [ 4 0 ] [ 26 96 ] [ 20 32 ] ] # L
[ 27.0 [ 5 0 ] [ 50 96 ] [ 25 32 ] ] # M
[ 22.0 [ 5 0 ] [ 79 96 ] [ 20 32 ] ] # N
[ 22.0 [ 5 0 ] [ 103 96 ] [ 20 32 ] ] # O
[ 23.0 [ 5 0 ] [ 127 96 ] [ 21 32 ] ] # P
[ 22.0 [ 5 0 ] [ 152 96 ] [ 20 32 ] ] # Q
[ 18.0 [ 5 0 ] [ 176 96 ] [ 16 32 ] ] # R
[ 19.0 [ 4 0 ] [ 196 96 ] [ 17 32 ] ] # S
[ 19.0 [ 5 0 ] [ 217 96 ] [ 17 32 ] ] # T
[ 22.0 [ 4 0 ] [ 2 128 ] [ 20 32 ] ] # U
[ 14.0 [ 5 0 ] [ 26 128 ] [ 12 32 ] ] # V
[ 22.0 [ 5 0 ] [ 42 128 ] [ 20 32 ] ] # W
[ 19.0 [ 5 0 ] [ 66 128 ] [ 17 32 ] ] # X
[ 25.0 [ 4 0 ] [ 87 128 ] [ 23 32 ] ] # Y
[ 20.0 [ 5 0 ] [ 114 128 ] [ 18 32 ] ] # Z
[ 9.0 [ 6 0 ] [ 136 128 ] [ 7 32 ] ] # [
[ 17.0 [ 9 0 ] [ 147 128 ] [ 15 32 ] ] # \
[ 9.0 [ 5 0 ] [ 166 128 ] [ 7 32 ] ] # ]
[ 21.0 [ 4 0 ] [ 177 128 ] [ 19 32 ] ] # ^
[ 17.0 [ 4 0 ] [ 200 128 ] [ 15 32 ] ] # _
[ 2.0 [ 0 0 ] [ 219 128 ] [ 0 32 ] ] # `
[ 19.0 [ 5 0 ] [ 223 128 ] [ 17 32 ] ] # a
[ 15.0 [ 6 0 ] [ 2 160 ] [ 13 32 ] ] # b
[ 17.0 [ 4 0 ] [ 19 160 ] [ 15 32 ] ] # c
[ 15.0 [ 5 0 ] [ 38 160 ] [ 13 32 ] ] # d
[ 14.0 [ 5 0 ] [ 55 160 ] [ 12 32 ] ] # e
[ 16.0 [ 5 0 ] [ 71 160 ] [ 14 32 ] ] # f
[ 16.0 [ 4 0 ] [ 89 160 ] [ 14 32 ] ] # g
[ 18.0 [ 4 0 ] [ 107 160 ] [ 16 32 ] ] # h
[ 11.0 [ 4 0 ] [ 127 160 ] [ 9 32 ] ] # i
[ 18.0 [ 5 0 ] [ 140 160 ] [ 16 32 ] ] # j
[ 17.0 [ 5 0 ] [ 160 160 ] [ 15 32 ] ] # k
[ 17.0 [ 5 0 ] [ 179 160 ] [ 15 32 ] ] # l
[ 18.0 [ 5 0 ] [ 198 160 ] [ 16 32 ] ] # m
[ 16.0 [ 4 0 ] [ 218 160 ] [ 14 32 ] ] # n
[ 16.0 [ 5 0 ] [ 236 160 ] [ 14 32 ] ] # o
[ 18.0 [ 4 0 ] [ 2 192 ] [ 16 32 ] ] # p
[ 15.0 [ 5 0 ] [ 22 192 ] [ 13 32 ] ] # q
[ 16.0 [ 5 0 ] [ 39 192 ] [ 14 32 ] ] # r
[ 18.0 [ 5 0 ] [ 57 192 ] [ 16 32 ] ] # s
[ 15.0 [ 4 0 ] [ 77 192 ] [ 13 32 ] ] # t
[ 18.0 [ 4 0 ] [ 94 192 ] [ 16 32 ] ] # u
[ 22.0 [ 4 0 ] [ 114 192 ] [ 20 32 ] ] # v
[ 21.0 [ 5 0 ] [ 138 192 ] [ 19 32 ] ] # w
[ 15.0 [ 5 0 ] [ 161 192 ] [ 13 32 ] ] # x
[ 22.0 [ 4 0 ] [ 178 192 ] [ 20 32 ] ] # y
[ 14.0 [ 6 0 ] [ 202 192 ] [ 12 32 ] ] # z
[ 12.0 [ 6 0 ] [ 218 192 ] [ 10 32 ] ] # {
[ 5.0 [ 6 0 ] [ 232 192 ] [ 3 32 ] ] # |
[ 13.0 [ 6 0 ] [ 239 192 ] [ 11 32 ] ] # }
[ 17.0 [ 5 0 ] [ 2 224 ] [ 15 32 ] ] # ~
[ 2.0 [ 0 0 ] [ 21 224 ] [ 0 32 ] ] # 
[ 2.0 [ 0 0 ] [ 25 224 ] [ 0 32 ] ] # Ä
[ 2.0 [ 0 0 ] [ 29 224 ] [ 0 32 ] ] # Å
[ 2.0 [ 0 0 ] [ 33 224 ] [ 0 32 ] ] # Ç
[ 2.0 [ 0 0 ] [ 37 224 ] [ 0 32 ] ] # É
[ 2.0 [ 0 0 ] [ 41 224 ] [ 0 32 ] ] # Ñ
[ 2.0 [ 0 0 ] [ 45 224 ] [ 0 32 ] ] # Ö
[ 2.0 [ 0 0 ] [ 49 224 ] [ 0 32 ] ] # Ü
[ 2.0 [ 0 0 ] [ 53 224 ] [ 0 32 ] ] # á
[ 2.0 [ 0 0 ] [ 57 224 ] [ 0 32 ] ] # à
[ 2.0 [ 0 0 ] [ 61 224 ] [ 0 32 ] ] # â
[ 2.0 [ 0 0 ] [ 65 224 ] [ 0 32 ] ] # ä
[ 2.0 [ 0 0 ] [ 69 224 ] [ 0 32 ] ] # ã
[ 2.0 [ 0 0 ] [ 73 224 ] [ 0 32 ] ] # å
[ 2.0 [ 0 0 ] [ 77 224 ] [ 0 32 ] ] # ç
[ 2.0 [ 0 0 ] [ 81 224 ] [ 0 32 ] ] # é
[ 2.0 [ 0 0 ] [ 85 224 ] [ 0 32 ] ] # è
[ 2.0 [ 0 0 ] [ 89 224 ] [ 0 32 ] ] # ê
[ 2.0 [ 0 0 ] [ 93 224 ] [ 0 32 ] ] # ë
[ 2.0 [ 0 0 ] [ 97 224 ] [ 0 32 ] ] # í
[ 2.0 [ 0 0 ] [ 101 224 ] [ 0 32 ] ] # ì
[ 2.0 [ 0 0 ] [ 105 224 ] [ 0 32 ] ] # î
[ 2.0 [ 0 0 ] [ 109 224 ] [ 0 32 ] ] # ï
[ 2.0 [ 0 0 ] [ 113 224 ] [ 0 32 ] ] # ñ
[ 2.0 [ 0 0 ] [ 117 224 ] [ 0 32 ] ] # ó
[ 2.0 [ 0 0 ] [ 121 224 ] [ 0 32 ] ] # ò
[ 2.0 [ 0 0 ] [ 125 224 ] [ 0 32 ] ] # ô
[ 2.0 [ 0 0 ] [ 129 224 ] [ 0 32 ] ] # ö
[ 2.0 [ 0 0 ] [ 133 224 ] [ 0 32 ] ] # õ
[ 2.0 [ 0 0 ] [ 137 224 ] [ 0 32 ] ] # ú
[ 2.0 [ 0 0 ] [ 141 224 ] [ 0 32 ] ] # ù
[ 2.0 [ 0 0 ] [ 145 224 ] [ 0 32 ] ] # û
[ 2.0 [ 0 0 ] [ 149 224 ] [ 0 32 ] ] # ü
[ 21.0 [ 6 0 ] [ 153 224 ] [ 19 32 ] ] # †
[ 20.0 [ 4 0 ] [ 176 224 ] [ 18 32 ] ] # °
[ 8.0 [ 5 0 ] [ 198 224 ] [ 6 32 ] ] # ¢
[ 17.0 [ 5 0 ] [ 208 224 ] [ 15 32 ] ] # £
[ 16.0 [ 0 0 ] [ 227 224 ] [ 14 32 ] ] # §
[ 21.0 [ 5 0 ] [ 2 256 ] [ 19 32 ] ] # •
[ 17.0 [ 4 0 ] [ 25 256 ] [ 15 32 ] ] # ¶
[ 19.0 [ 6 0 ] [ 44 256 ] [ 17 32 ] ] # ß
[ 16.0 [ 8 0 ] [ 65 256 ] [ 14 32 ] ] # ®
[ 17.0 [ 7 0 ] [ 83 256 ] [ 15 32 ] ] # ©
[ 17.0 [ 7 0 ] [ 102 256 ] [ 15 32 ] ] # ™
[ 29.0 [ 5 0 ] [ 121 256 ] [ 27 32 ] ] # ´
[ 28.0 [ 5 0 ] [ 152 256 ] [ 26 32 ] ] # ¨
[ 18.0 [ 5 0 ] [ 182 256 ] [ 16 32 ] ] # ≠
[ 29.0 [ 5 0 ] [ 202 256 ] [ 27 32 ] ] # Æ
[ 18.0 [ 5 0 ] [ 233 256 ] [ 16 32 ] ] # Ø
[ 12.0 [ 5 0 ] [ 2 288 ] [ 10 32 ] ] # ∞
[ 18.0 [ 4 0 ] [ 16 288 ] [ 16 32 ] ] # ±
[ 13.0 [ 5 0 ] [ 36 288 ] [ 11 32 ] ] # ≤
[ 17.0 [ 5 0 ] [ 51 288 ] [ 15 32 ] ] # ≥
[ 18.0 [ 4 0 ] [ 70 288 ] [ 16 32 ] ] # ¥
[ 20.0 [ 5 0 ] [ 90 288 ] [ 18 32 ] ] # µ
[ 15.0 [ 5 0 ] [ 112 288 ] [ 13 32 ] ] # ∂
[ 13.0 [ 5 0 ] [ 129 288 ] [ 11 32 ] ] # ∑
[ 18.0 [ 4 0 ] [ 144 288 ] [ 16 32 ] ] # ∏
[ 18.0 [ 4 0 ] [ 164 288 ] [ 16 32 ] ] # π
[ 18.0 [ 4 0 ] [ 184 288 ] [ 16 32 ] ] # ∫
[ 18.0 [ 4 0 ] [ 204 288 ] [ 16 32 ] ] # ª
[ 25.0 [ 7 0 ] [ 224 288 ] [ 23 32 ] ] # º
[ 4.0 [ 12 0 ] [ 251 288 ] [ 2 32 ] ] # Ω
[ 32.0 [ 2 0 ] [ 2 320 ] [ 30 32 ] ] # æ
[ 20.0 [ 4 0 ] [ 36 320 ] [ 18 32 ] ] # ø
[ 16.0 [ 9 0 ] [ 58 320 ] [ 14 32 ] ] # ¿
[ 19.0 [ 4 0 ] [ 76 320 ] [ 17 32 ] ] # ¡
[ 23.0 [ 5 0 ] [ 97 320 ] [ 21 32 ] ] # ¬
[ 23.0 [ 8 0 ] [ 122 320 ] [ 21 32 ] ] # √
[ 22.0 [ 5 0 ] [ 147 320 ] [ 20 32 ] ] # ƒ
[ 22.0 [ 5 0 ] [ 171 320 ] [ 20 32 ] ] # ≈
[ 24.0 [ 5 0 ] [ 195 320 ] [ 22 32 ] ] # ∆
[ 22.0 [ 5 0 ] [ 221 320 ] [ 20 32 ] ] # «
[ 22.0 [ 5 0 ] [ 2 352 ] [ 20 32 ] ] # »
[ 21.0 [ 5 0 ] [ 26 352 ] [ 19 32 ] ] # …
[ 21.0 [ 5 0 ] [ 49 352 ] [ 19 32 ] ] #  
[ 21.0 [ 5 0 ] [ 72 352 ] [ 19 32 ] ] # À
[ 21.0 [ 5 0 ] [ 95 352 ] [ 19 32 ] ] # Ã
[ 21.0 [ 5 0 ] [ 118 352 ] [ 19 32 ] ] # Õ
[ 16.0 [ 5 0 ] [ 141 352 ] [ 14 32 ] ] # Œ
[ 16.0 [ 5 0 ] [ 159 352 ] [ 14 32 ] ] # œ
[ 22.0 [ 5 0 ] [ 177 352 ] [ 20 32 ] ] # –
[ 21.0 [ 5 0 ] [ 201 352 ] [ 19 32 ] ] # —
[ 23.0 [ 5 0 ] [ 224 352 ] [ 21 32 ] ] # “
[ 23.0 [ 5 0 ] [ 2 384 ] [ 21 32 ] ] # ”
[ 26.0 [ 5 0 ] [ 27 384 ] [ 24 32 ] ] # ‘
[ 24.0 [ 5 0 ] [ 55 384 ] [ 22 32 ] ] # ’
[ 17.0 [ 4 0 ] [ 81 384 ] [ 15 32 ] ] # ÷
[ 6.0 [ 6 0 ] [ 100 384 ] [ 4 32 ] ] # ◊
[ 22.0 [ 4 0 ] [ 108 384 ] [ 20 32 ] ] # ÿ
[ 18.0 [ 5 0 ] [ 132 384 ] [ 16 32 ] ] # Ÿ
[ 18.0 [ 5 0 ] [ 152 384 ] [ 16 32 ] ] # ⁄
[ 29.0 [ 5 0 ] [ 172 384 ] [ 27 32 ] ] # €
[ 28.0 [ 5 0 ] [ 203 384 ] [ 26 32 ] ] # ‹
[ 18.0 [ 5 0 ] [ 233 384 ] [ 16 32 ] ] # ›
[ 28.0 [ 5 0 ] [ 2 416 ] [ 26 32 ] ] # ﬁ
[ 18.0 [ 5 0 ] [ 32 416 ] [ 16 32 ] ] # ﬂ
[ 15.0 [ 5 0 ] [ 52 416 ] [ 13 32 ] ] # ‡
[ 10.0 [ 5 0 ] [ 69 416 ] [ 8 32 ] ] # ·
[ 23.0 [ 5 0 ] [ 81 416 ] [ 21 32 ] ] # ‚
[ 23.0 [ 5 0 ] [ 106 416 ] [ 21 32 ] ] # „
[ 23.0 [ 4 0 ] [ 131 416 ] [ 21 32 ] ] # ‰
[ 22.0 [ 4 0 ] [ 156 416 ] [ 20 32 ] ] # Â
[ 10.0 [ 5 0 ] [ 180 416 ] [ 8 32 ] ] # Ê
[ 4.0 [ 5 0 ] [ 192 416 ] [ 2 32 ] ] # Á
[ 13.0 [ 5 0 ] [ 198 416 ] [ 11 32 ] ] # Ë
[ 4.0 [ 4 0 ] [ 213 416 ] [ 2 32 ] ] # È
[ 4.0 [ 4 0 ] [ 219 416 ] [ 2 32 ] ] # Í
[ 12.0 [ 4 0 ] [ 225 416 ] [ 10 32 ] ] # Î
[ 5.0 [ 10 0 ] [ 239 416 ] [ 3 32 ] ] # Ï
[ 10.0 [ 4 0 ] [ 246 416 ] [ 8 32 ] ] # Ì
[ 9.0 [ 10 0 ] [ 2 448 ] [ 7 32 ] ] # Ó
[ 4.0 [ 10 0 ] [ 13 448 ] [ 2 32 ] ] # Ô
[ 2.0 [ 0 0 ] [ 19 448 ] [ 0 32 ] ] # 
[ 10.0 [ 5 0 ] [ 23 448 ] [ 8 32 ] ] # Ò
[ 8.0 [ 4 0 ] [ 35 448 ] [ 6 32 ] ] # Ú
[ 13.0 [ 13 0 ] [ 45 448 ] [ 11 32 ] ] # Û
[ 5.0 [ 13 0 ] [ 60 448 ] [ 3 32 ] ] # Ù
[ 13.0 [ 5 0 ] [ 67 448 ] [ 11 32 ] ] # ı
[ 9.0 [ 10 0 ] [ 82 448 ] [ 7 32 ] ] # ˆ
[ 4.0 [ 15 0 ] [ 93 448 ] [ 2 32 ] ] # ˜
[ 13.0 [ 6 0 ] [ 99 448 ] [ 11 32 ] ] # ¯
[ 4.0 [ 13 0 ] [ 114 448 ] [ 2 32 ] ] # ˘
[ 4.0 [ 13 0 ] [ 120 448 ] [ 2 32 ] ] # ˙
[ 12.0 [ 5 0 ] [ 126 448 ] [ 10 32 ] ] # ˚
[ 5.0 [ 9 0 ] [ 140 448 ] [ 3 32 ] ] # ¸
[ 9.0 [ 10 0 ] [ 147 448 ] [ 7 32 ] ] # ˝
[ 10.0 [ 4 0 ] [ 158 448 ] [ 8 32 ] ] # ˛
[ 2.0 [ 0 0 ] [ 170 448 ] [ 0 32 ] ] # ˇ
