[ 4.2 [ 0 0 ] [ 2 0 ] [ 0 16 ] ] #  
[ 3.99609375 [ 5 0 ] [ 6 0 ] [ 3 16 ] ] # !
[ 6.662109375 [ 5 0 ] [ 13 0 ] [ 5 16 ] ] # "
[ 6.0 [ 4 0 ] [ 22 0 ] [ 7 16 ] ] # #
[ 6.0 [ 4 0 ] [ 33 0 ] [ 7 16 ] ] # $
[ 12.0 [ 5 0 ] [ 44 0 ] [ 10 16 ] ] # %
[ 9.99609375 [ 5 0 ] [ 58 0 ] [ 9 16 ] ] # &
[ 3.333984375 [ 5 0 ] [ 71 0 ] [ 3 16 ] ] # '
[ 3.99609375 [ 5 0 ] [ 78 0 ] [ 3 16 ] ] # (
[ 3.99609375 [ 4 0 ] [ 85 0 ] [ 4 16 ] ] # )
[ 6.0 [ 5 0 ] [ 93 0 ] [ 5 16 ] ] # *
[ 6.837890625 [ 4 0 ] [ 102 0 ] [ 7 16 ] ] # +
[ 3.0 [ 4 0 ] [ 113 0 ] [ 3 16 ] ] # ,
[ 3.99609375 [ 4 0 ] [ 120 0 ] [ 4 16 ] ] # -
[ 3.0 [ 4 0 ] [ 2 16 ] [ 3 16 ] ] # .
[ 3.333984375 [ 4 0 ] [ 9 16 ] [ 4 16 ] ] # /
[ 6.0 [ 4 0 ] [ 17 16 ] [ 7 16 ] ] # 0
[ 6.0 [ 5 0 ] [ 28 16 ] [ 5 16 ] ] # 1
[ 6.0 [ 4 0 ] [ 37 16 ] [ 7 16 ] ] # 2
[ 6.0 [ 4 0 ] [ 48 16 ] [ 6 16 ] ] # 3
[ 6.0 [ 4 0 ] [ 58 16 ] [ 6 16 ] ] # 4
[ 6.0 [ 4 0 ] [ 68 16 ] [ 6 16 ] ] # 5
[ 6.0 [ 4 0 ] [ 78 16 ] [ 6 16 ] ] # 6
[ 6.0 [ 4 0 ] [ 88 16 ] [ 6 16 ] ] # 7
[ 6.0 [ 4 0 ] [ 98 16 ] [ 6 16 ] ] # 8
[ 6.0 [ 4 0 ] [ 108 16 ] [ 7 16 ] ] # 9
[ 3.99609375 [ 5 0 ] [ 119 16 ] [ 3 16 ] ] # :
[ 3.99609375 [ 5 0 ] [ 2 32 ] [ 3 16 ] ] # ;
[ 6.837890625 [ 4 0 ] [ 9 32 ] [ 7 16 ] ] # <
[ 6.837890625 [ 4 0 ] [ 20 32 ] [ 7 16 ] ] # =
[ 6.837890625 [ 4 0 ] [ 31 32 ] [ 7 16 ] ] # >
[ 6.0 [ 5 0 ] [ 42 32 ] [ 5 16 ] ] # ?
[ 11.16210938 [ 5 0 ] [ 51 32 ] [ 10 16 ] ] # @
[ 8.666015625 [ 4 0 ] [ 65 32 ] [ 9 16 ] ] # A
[ 8.00390625 [ 4 0 ] [ 78 32 ] [ 8 16 ] ] # B
[ 8.666015625 [ 5 0 ] [ 90 32 ] [ 8 16 ] ] # C
[ 8.666015625 [ 4 0 ] [ 102 32 ] [ 9 16 ] ] # D
[ 8.00390625 [ 4 0 ] [ 115 32 ] [ 8 16 ] ] # E
[ 7.330078125 [ 4 0 ] [ 2 48 ] [ 8 16 ] ] # F
[ 9.333984375 [ 4 0 ] [ 14 48 ] [ 10 16 ] ] # G
[ 9.333984375 [ 4 0 ] [ 28 48 ] [ 10 16 ] ] # H
[ 4.669921875 [ 4 0 ] [ 42 48 ] [ 5 16 ] ] # I
[ 6.0 [ 4 0 ] [ 51 48 ] [ 7 16 ] ] # J
[ 9.333984375 [ 4 0 ] [ 62 48 ] [ 10 16 ] ] # K
[ 8.00390625 [ 4 0 ] [ 76 48 ] [ 8 16 ] ] # L
[ 11.32617188 [ 4 0 ] [ 88 48 ] [ 12 16 ] ] # M
[ 8.666015625 [ 4 0 ] [ 104 48 ] [ 9 16 ] ] # N
[ 9.333984375 [ 4 0 ] [ 2 64 ] [ 10 16 ] ] # O
[ 7.330078125 [ 4 0 ] [ 16 64 ] [ 8 16 ] ] # P
[ 9.333984375 [ 4 0 ] [ 28 64 ] [ 10 16 ] ] # Q
[ 8.666015625 [ 4 0 ] [ 42 64 ] [ 9 16 ] ] # R
[ 6.673828125 [ 4 0 ] [ 55 64 ] [ 7 16 ] ] # S
[ 8.00390625 [ 4 0 ] [ 66 64 ] [ 8 16 ] ] # T
[ 8.666015625 [ 4 0 ] [ 78 64 ] [ 9 16 ] ] # U
[ 8.666015625 [ 4 0 ] [ 91 64 ] [ 9 16 ] ] # V
[ 12.0 [ 4 0 ] [ 104 64 ] [ 12 16 ] ] # W
[ 8.666015625 [ 4 0 ] [ 2 80 ] [ 9 16 ] ] # X
[ 8.666015625 [ 4 0 ] [ 15 80 ] [ 9 16 ] ] # Y
[ 8.00390625 [ 4 0 ] [ 28 80 ] [ 8 16 ] ] # Z
[ 3.99609375 [ 5 0 ] [ 40 80 ] [ 3 16 ] ] # [
[ 3.333984375 [ 4 0 ] [ 47 80 ] [ 4 16 ] ] # \
[ 3.99609375 [ 4 0 ] [ 55 80 ] [ 4 16 ] ] # ]
[ 6.97265625 [ 5 0 ] [ 63 80 ] [ 6 16 ] ] # ^
[ 6.0 [ 4 0 ] [ 73 80 ] [ 7 16 ] ] # _
[ 3.99609375 [ 5 0 ] [ 84 80 ] [ 3 16 ] ] # `
[ 6.0 [ 4 0 ] [ 91 80 ] [ 7 16 ] ] # a
[ 6.673828125 [ 4 0 ] [ 102 80 ] [ 7 16 ] ] # b
[ 5.326171875 [ 4 0 ] [ 113 80 ] [ 6 16 ] ] # c
[ 6.673828125 [ 4 0 ] [ 2 96 ] [ 7 16 ] ] # d
[ 5.326171875 [ 4 0 ] [ 13 96 ] [ 6 16 ] ] # e
[ 3.99609375 [ 4 0 ] [ 23 96 ] [ 5 16 ] ] # f
[ 6.0 [ 4 0 ] [ 32 96 ] [ 7 16 ] ] # g
[ 6.673828125 [ 4 0 ] [ 43 96 ] [ 7 16 ] ] # h
[ 3.333984375 [ 4 0 ] [ 54 96 ] [ 4 16 ] ] # i
[ 3.99609375 [ 3 0 ] [ 62 96 ] [ 5 16 ] ] # j
[ 6.673828125 [ 4 0 ] [ 71 96 ] [ 7 16 ] ] # k
[ 3.333984375 [ 4 0 ] [ 82 96 ] [ 4 16 ] ] # l
[ 9.99609375 [ 4 0 ] [ 90 96 ] [ 11 16 ] ] # m
[ 6.673828125 [ 4 0 ] [ 105 96 ] [ 7 16 ] ] # n
[ 6.0 [ 4 0 ] [ 116 96 ] [ 6 16 ] ] # o
[ 6.673828125 [ 4 0 ] [ 2 112 ] [ 7 16 ] ] # p
[ 6.673828125 [ 4 0 ] [ 13 112 ] [ 7 16 ] ] # q
[ 5.326171875 [ 4 0 ] [ 24 112 ] [ 6 16 ] ] # r
[ 4.669921875 [ 4 0 ] [ 34 112 ] [ 5 16 ] ] # s
[ 3.99609375 [ 4 0 ] [ 43 112 ] [ 5 16 ] ] # t
[ 6.673828125 [ 4 0 ] [ 52 112 ] [ 7 16 ] ] # u
[ 6.0 [ 4 0 ] [ 63 112 ] [ 7 16 ] ] # v
[ 8.666015625 [ 4 0 ] [ 74 112 ] [ 9 16 ] ] # w
[ 6.0 [ 4 0 ] [ 87 112 ] [ 7 16 ] ] # x
[ 6.0 [ 4 0 ] [ 98 112 ] [ 7 16 ] ] # y
[ 5.326171875 [ 4 0 ] [ 109 112 ] [ 6 16 ] ] # z
[ 4.728515625 [ 4 0 ] [ 119 112 ] [ 5 16 ] ] # {
[ 2.642578125 [ 5 0 ] [ 2 128 ] [ 2 16 ] ] # |
[ 4.728515625 [ 5 0 ] [ 8 128 ] [ 4 16 ] ] # }
[ 6.240234375 [ 4 0 ] [ 16 128 ] [ 7 16 ] ] # ~
[ 4.2 [ 0 0 ] [ 27 128 ] [ 0 16 ] ] # 
