[ 10.90058594 [ 0 0 ] [ 2 0 ] [ 0 32 ] ] #  
[ 7.779296875 [ 7 0 ] [ 6 0 ] [ 4 32 ] ] # !
[ 9.939453125 [ 5 0 ] [ 14 0 ] [ 8 32 ] ] # "
[ 15.57226562 [ 4 0 ] [ 26 0 ] [ 16 32 ] ] # #
[ 15.57226562 [ 5 0 ] [ 46 0 ] [ 14 32 ] ] # $
[ 24.89648438 [ 5 0 ] [ 64 0 ] [ 24 32 ] ] # %
[ 18.67578125 [ 5 0 ] [ 92 0 ] [ 18 32 ] ] # &
[ 5.345703125 [ 6 0 ] [ 114 0 ] [ 3 32 ] ] # '
[ 9.32421875 [ 6 0 ] [ 121 0 ] [ 7 32 ] ] # (
[ 9.32421875 [ 5 0 ] [ 132 0 ] [ 7 32 ] ] # )
[ 10.89648438 [ 5 0 ] [ 143 0 ] [ 9 32 ] ] # *
[ 16.3515625 [ 5 0 ] [ 156 0 ] [ 15 32 ] ] # +
[ 7.779296875 [ 6 0 ] [ 175 0 ] [ 4 32 ] ] # ,
[ 9.32421875 [ 5 0 ] [ 183 0 ] [ 8 32 ] ] # -
[ 7.779296875 [ 6 0 ] [ 195 0 ] [ 4 32 ] ] # .
[ 7.779296875 [ 4 0 ] [ 203 0 ] [ 9 32 ] ] # /
[ 15.57226562 [ 5 0 ] [ 216 0 ] [ 14 32 ] ] # 0
[ 15.57226562 [ 7 0 ] [ 234 0 ] [ 7 32 ] ] # 1
[ 15.57226562 [ 5 0 ] [ 2 32 ] [ 14 32 ] ] # 2
[ 15.57226562 [ 5 0 ] [ 20 32 ] [ 14 32 ] ] # 3
[ 15.57226562 [ 5 0 ] [ 38 32 ] [ 14 32 ] ] # 4
[ 15.57226562 [ 5 0 ] [ 56 32 ] [ 14 32 ] ] # 5
[ 15.57226562 [ 5 0 ] [ 74 32 ] [ 14 32 ] ] # 6
[ 15.57226562 [ 5 0 ] [ 92 32 ] [ 14 32 ] ] # 7
[ 15.57226562 [ 5 0 ] [ 110 32 ] [ 14 32 ] ] # 8
[ 15.57226562 [ 5 0 ] [ 128 32 ] [ 14 32 ] ] # 9
[ 7.779296875 [ 7 0 ] [ 146 32 ] [ 4 32 ] ] # :
[ 7.779296875 [ 7 0 ] [ 154 32 ] [ 4 32 ] ] # ;
[ 16.3515625 [ 5 0 ] [ 162 32 ] [ 15 32 ] ] # <
[ 16.3515625 [ 5 0 ] [ 181 32 ] [ 15 32 ] ] # =
[ 16.3515625 [ 5 0 ] [ 200 32 ] [ 15 32 ] ] # >
[ 15.57226562 [ 6 0 ] [ 219 32 ] [ 13 32 ] ] # ?
[ 28.42382812 [ 5 0 ] [ 2 64 ] [ 26 32 ] ] # @
[ 18.67578125 [ 5 0 ] [ 32 64 ] [ 18 32 ] ] # A
[ 18.67578125 [ 6 0 ] [ 54 64 ] [ 16 32 ] ] # B
[ 20.22070312 [ 5 0 ] [ 74 64 ] [ 19 32 ] ] # C
[ 20.22070312 [ 6 0 ] [ 97 64 ] [ 17 32 ] ] # D
[ 18.67578125 [ 7 0 ] [ 118 64 ] [ 15 32 ] ] # E
[ 17.10351562 [ 7 0 ] [ 137 64 ] [ 14 32 ] ] # F
[ 21.77929688 [ 5 0 ] [ 155 64 ] [ 20 32 ] ] # G
[ 20.22070312 [ 6 0 ] [ 179 64 ] [ 17 32 ] ] # H
[ 7.779296875 [ 7 0 ] [ 200 64 ] [ 3 32 ] ] # I
[ 14.0 [ 5 0 ] [ 207 64 ] [ 12 32 ] ] # J
[ 18.67578125 [ 6 0 ] [ 223 64 ] [ 17 32 ] ] # K
[ 15.57226562 [ 6 0 ] [ 2 96 ] [ 14 32 ] ] # L
[ 23.32421875 [ 6 0 ] [ 20 96 ] [ 20 32 ] ] # M
[ 20.22070312 [ 6 0 ] [ 44 96 ] [ 17 32 ] ] # N
[ 21.77929688 [ 5 0 ] [ 65 96 ] [ 21 32 ] ] # O
[ 18.67578125 [ 7 0 ] [ 90 96 ] [ 15 32 ] ] # P
[ 21.77929688 [ 5 0 ] [ 109 96 ] [ 21 32 ] ] # Q
[ 20.22070312 [ 7 0 ] [ 134 96 ] [ 17 32 ] ] # R
[ 18.67578125 [ 5 0 ] [ 155 96 ] [ 17 32 ] ] # S
[ 17.10351562 [ 5 0 ] [ 176 96 ] [ 16 32 ] ] # T
[ 20.22070312 [ 6 0 ] [ 196 96 ] [ 17 32 ] ] # U
[ 18.67578125 [ 5 0 ] [ 217 96 ] [ 18 32 ] ] # V
[ 26.42773438 [ 5 0 ] [ 2 128 ] [ 26 32 ] ] # W
[ 18.67578125 [ 5 0 ] [ 32 128 ] [ 18 32 ] ] # X
[ 18.67578125 [ 4 0 ] [ 54 128 ] [ 19 32 ] ] # Y
[ 17.10351562 [ 5 0 ] [ 77 128 ] [ 16 32 ] ] # Z
[ 7.779296875 [ 6 0 ] [ 97 128 ] [ 6 32 ] ] # [
[ 7.779296875 [ 4 0 ] [ 107 128 ] [ 9 32 ] ] # \
[ 7.779296875 [ 5 0 ] [ 120 128 ] [ 6 32 ] ] # ]
[ 13.13867188 [ 5 0 ] [ 130 128 ] [ 12 32 ] ] # ^
[ 15.57226562 [ 3 0 ] [ 146 128 ] [ 18 32 ] ] # _
[ 9.32421875 [ 6 0 ] [ 168 128 ] [ 3 32 ] ] # `
[ 15.57226562 [ 5 0 ] [ 175 128 ] [ 15 32 ] ] # a
[ 15.57226562 [ 5 0 ] [ 194 128 ] [ 14 32 ] ] # b
[ 14.0 [ 5 0 ] [ 212 128 ] [ 13 32 ] ] # c
[ 15.57226562 [ 5 0 ] [ 229 128 ] [ 14 32 ] ] # d
[ 15.57226562 [ 5 0 ] [ 2 160 ] [ 14 32 ] ] # e
[ 7.779296875 [ 5 0 ] [ 20 160 ] [ 7 32 ] ] # f
[ 15.57226562 [ 5 0 ] [ 31 160 ] [ 14 32 ] ] # g
[ 15.57226562 [ 6 0 ] [ 49 160 ] [ 12 32 ] ] # h
[ 6.220703125 [ 6 0 ] [ 65 160 ] [ 3 32 ] ] # i
[ 6.220703125 [ 3 0 ] [ 72 160 ] [ 6 32 ] ] # j
[ 14.0 [ 6 0 ] [ 82 160 ] [ 13 32 ] ] # k
[ 6.220703125 [ 6 0 ] [ 99 160 ] [ 3 32 ] ] # l
[ 23.32421875 [ 6 0 ] [ 106 160 ] [ 20 32 ] ] # m
[ 15.57226562 [ 6 0 ] [ 130 160 ] [ 12 32 ] ] # n
[ 15.57226562 [ 5 0 ] [ 146 160 ] [ 14 32 ] ] # o
[ 15.57226562 [ 5 0 ] [ 164 160 ] [ 14 32 ] ] # p
[ 15.57226562 [ 5 0 ] [ 182 160 ] [ 14 32 ] ] # q
[ 9.32421875 [ 6 0 ] [ 200 160 ] [ 8 32 ] ] # r
[ 14.0 [ 5 0 ] [ 212 160 ] [ 13 32 ] ] # s
[ 7.779296875 [ 4 0 ] [ 229 160 ] [ 8 32 ] ] # t
[ 15.57226562 [ 6 0 ] [ 241 160 ] [ 12 32 ] ] # u
[ 14.0 [ 4 0 ] [ 2 192 ] [ 14 32 ] ] # v
[ 20.22070312 [ 4 0 ] [ 20 192 ] [ 21 32 ] ] # w
[ 14.0 [ 5 0 ] [ 45 192 ] [ 13 32 ] ] # x
[ 14.0 [ 5 0 ] [ 62 192 ] [ 13 32 ] ] # y
[ 14.0 [ 5 0 ] [ 79 192 ] [ 13 32 ] ] # z
[ 9.3515625 [ 5 0 ] [ 96 192 ] [ 8 32 ] ] # {
[ 7.2734375 [ 7 0 ] [ 108 192 ] [ 2 32 ] ] # |
[ 9.3515625 [ 5 0 ] [ 114 192 ] [ 7 32 ] ] # }
[ 16.3515625 [ 6 0 ] [ 125 192 ] [ 13 32 ] ] # ~
[ 10.90058594 [ 0 0 ] [ 142 192 ] [ 0 32 ] ] # 
