[ 14.7 [ 0 0 ] [ 2 0 ] [ 0 46 ] ] #  
[ 13.98632812 [ 7 0 ] [ 6 0 ] [ 8 46 ] ] # !
[ 23.31738281 [ 7 0 ] [ 18 0 ] [ 18 46 ] ] # "
[ 21.0 [ 4 0 ] [ 40 0 ] [ 22 46 ] ] # #
[ 21.0 [ 5 0 ] [ 66 0 ] [ 20 46 ] ] # $
[ 42.0 [ 9 0 ] [ 90 0 ] [ 33 46 ] ] # %
[ 34.98632812 [ 7 0 ] [ 127 0 ] [ 31 46 ] ] # &
[ 11.66894531 [ 7 0 ] [ 162 0 ] [ 9 46 ] ] # '
[ 13.98632812 [ 6 0 ] [ 175 0 ] [ 12 46 ] ] # (
[ 13.98632812 [ 5 0 ] [ 191 0 ] [ 12 46 ] ] # )
[ 21.0 [ 6 0 ] [ 207 0 ] [ 18 46 ] ] # *
[ 23.93261719 [ 5 0 ] [ 229 0 ] [ 22 46 ] ] # +
[ 10.5 [ 6 0 ] [ 255 0 ] [ 8 46 ] ] # ,
[ 13.98632812 [ 6 0 ] [ 267 0 ] [ 11 46 ] ] # -
[ 10.5 [ 6 0 ] [ 282 0 ] [ 8 46 ] ] # .
[ 11.66894531 [ 3 0 ] [ 294 0 ] [ 14 46 ] ] # /
[ 21.0 [ 5 0 ] [ 312 0 ] [ 20 46 ] ] # 0
[ 21.0 [ 7 0 ] [ 336 0 ] [ 16 46 ] ] # 1
[ 21.0 [ 5 0 ] [ 356 0 ] [ 20 46 ] ] # 2
[ 21.0 [ 5 0 ] [ 380 0 ] [ 19 46 ] ] # 3
[ 21.0 [ 5 0 ] [ 403 0 ] [ 20 46 ] ] # 4
[ 21.0 [ 5 0 ] [ 427 0 ] [ 20 46 ] ] # 5
[ 21.0 [ 5 0 ] [ 451 0 ] [ 20 46 ] ] # 6
[ 21.0 [ 5 0 ] [ 475 0 ] [ 20 46 ] ] # 7
[ 21.0 [ 5 0 ] [ 2 46 ] [ 20 46 ] ] # 8
[ 21.0 [ 5 0 ] [ 26 46 ] [ 20 46 ] ] # 9
[ 13.98632812 [ 7 0 ] [ 50 46 ] [ 8 46 ] ] # :
[ 13.98632812 [ 7 0 ] [ 62 46 ] [ 9 46 ] ] # ;
[ 23.93261719 [ 5 0 ] [ 75 46 ] [ 22 46 ] ] # <
[ 23.93261719 [ 5 0 ] [ 101 46 ] [ 22 46 ] ] # =
[ 23.93261719 [ 5 0 ] [ 127 46 ] [ 22 46 ] ] # >
[ 21.0 [ 6 0 ] [ 153 46 ] [ 17 46 ] ] # ?
[ 39.06738281 [ 9 0 ] [ 174 46 ] [ 30 46 ] ] # @
[ 30.33105469 [ 4 0 ] [ 208 46 ] [ 30 46 ] ] # A
[ 28.01367188 [ 5 0 ] [ 242 46 ] [ 26 46 ] ] # B
[ 30.33105469 [ 6 0 ] [ 272 46 ] [ 28 46 ] ] # C
[ 30.33105469 [ 5 0 ] [ 304 46 ] [ 29 46 ] ] # D
[ 28.01367188 [ 5 0 ] [ 337 46 ] [ 27 46 ] ] # E
[ 25.65527344 [ 5 0 ] [ 368 46 ] [ 24 46 ] ] # F
[ 32.66894531 [ 6 0 ] [ 396 46 ] [ 31 46 ] ] # G
[ 32.66894531 [ 5 0 ] [ 431 46 ] [ 32 46 ] ] # H
[ 16.34472656 [ 5 0 ] [ 467 46 ] [ 15 46 ] ] # I
[ 21.0 [ 4 0 ] [ 486 46 ] [ 21 46 ] ] # J
[ 32.66894531 [ 5 0 ] [ 2 92 ] [ 32 46 ] ] # K
[ 28.01367188 [ 5 0 ] [ 38 92 ] [ 27 46 ] ] # L
[ 39.64160156 [ 5 0 ] [ 69 92 ] [ 38 46 ] ] # M
[ 30.33105469 [ 5 0 ] [ 111 92 ] [ 29 46 ] ] # N
[ 32.66894531 [ 5 0 ] [ 144 92 ] [ 31 46 ] ] # O
[ 25.65527344 [ 5 0 ] [ 179 92 ] [ 25 46 ] ] # P
[ 32.66894531 [ 5 0 ] [ 208 92 ] [ 31 46 ] ] # Q
[ 30.33105469 [ 5 0 ] [ 243 92 ] [ 30 46 ] ] # R
[ 23.35839844 [ 5 0 ] [ 277 92 ] [ 21 46 ] ] # S
[ 28.01367188 [ 5 0 ] [ 302 92 ] [ 27 46 ] ] # T
[ 30.33105469 [ 5 0 ] [ 333 92 ] [ 29 46 ] ] # U
[ 30.33105469 [ 5 0 ] [ 366 92 ] [ 29 46 ] ] # V
[ 42.0 [ 5 0 ] [ 399 92 ] [ 41 46 ] ] # W
[ 30.33105469 [ 5 0 ] [ 444 92 ] [ 29 46 ] ] # X
[ 30.33105469 [ 5 0 ] [ 477 92 ] [ 29 46 ] ] # Y
[ 28.01367188 [ 5 0 ] [ 2 138 ] [ 26 46 ] ] # Z
[ 13.98632812 [ 7 0 ] [ 32 138 ] [ 10 46 ] ] # [
[ 11.66894531 [ 3 0 ] [ 46 138 ] [ 14 46 ] ] # \
[ 13.98632812 [ 5 0 ] [ 64 138 ] [ 11 46 ] ] # ]
[ 24.40429688 [ 7 0 ] [ 79 138 ] [ 19 46 ] ] # ^
[ 21.0 [ 4 0 ] [ 102 138 ] [ 22 46 ] ] # _
[ 13.98632812 [ 7 0 ] [ 128 138 ] [ 8 46 ] ] # `
[ 21.0 [ 5 0 ] [ 140 138 ] [ 20 46 ] ] # a
[ 23.35839844 [ 5 0 ] [ 164 138 ] [ 22 46 ] ] # b
[ 18.64160156 [ 5 0 ] [ 190 138 ] [ 18 46 ] ] # c
[ 23.35839844 [ 5 0 ] [ 212 138 ] [ 22 46 ] ] # d
[ 18.64160156 [ 5 0 ] [ 238 138 ] [ 18 46 ] ] # e
[ 13.98632812 [ 5 0 ] [ 260 138 ] [ 16 46 ] ] # f
[ 21.0 [ 5 0 ] [ 280 138 ] [ 20 46 ] ] # g
[ 23.35839844 [ 5 0 ] [ 304 138 ] [ 22 46 ] ] # h
[ 11.66894531 [ 5 0 ] [ 330 138 ] [ 11 46 ] ] # i
[ 13.98632812 [ 2 0 ] [ 345 138 ] [ 14 46 ] ] # j
[ 23.35839844 [ 5 0 ] [ 363 138 ] [ 23 46 ] ] # k
[ 11.66894531 [ 5 0 ] [ 390 138 ] [ 11 46 ] ] # l
[ 34.98632812 [ 5 0 ] [ 405 138 ] [ 34 46 ] ] # m
[ 23.35839844 [ 5 0 ] [ 443 138 ] [ 22 46 ] ] # n
[ 21.0 [ 5 0 ] [ 469 138 ] [ 20 46 ] ] # o
[ 23.35839844 [ 5 0 ] [ 2 184 ] [ 22 46 ] ] # p
[ 23.35839844 [ 5 0 ] [ 28 184 ] [ 22 46 ] ] # q
[ 18.64160156 [ 5 0 ] [ 54 184 ] [ 18 46 ] ] # r
[ 16.34472656 [ 5 0 ] [ 76 184 ] [ 15 46 ] ] # s
[ 13.98632812 [ 5 0 ] [ 95 184 ] [ 14 46 ] ] # t
[ 23.35839844 [ 5 0 ] [ 113 184 ] [ 22 46 ] ] # u
[ 21.0 [ 5 0 ] [ 139 184 ] [ 20 46 ] ] # v
[ 30.33105469 [ 5 0 ] [ 163 184 ] [ 29 46 ] ] # w
[ 21.0 [ 5 0 ] [ 196 184 ] [ 20 46 ] ] # x
[ 21.0 [ 5 0 ] [ 220 184 ] [ 20 46 ] ] # y
[ 18.64160156 [ 5 0 ] [ 244 184 ] [ 17 46 ] ] # z
[ 16.54980469 [ 5 0 ] [ 265 184 ] [ 14 46 ] ] # {
[ 9.249023438 [ 7 0 ] [ 283 184 ] [ 4 46 ] ] # |
[ 16.54980469 [ 6 0 ] [ 291 184 ] [ 14 46 ] ] # }
[ 21.84082031 [ 5 0 ] [ 309 184 ] [ 20 46 ] ] # ~
[ 14.7 [ 0 0 ] [ 333 184 ] [ 0 46 ] ] # 
