[ 7.0 [ 0 0 ] [ 2 0 ] [ 0 24 ] ] #  
[ 6.66015625 [ 6 0 ] [ 6 0 ] [ 4 24 ] ] # !
[ 11.10351562 [ 6 0 ] [ 14 0 ] [ 8 24 ] ] # "
[ 10.0 [ 4 0 ] [ 26 0 ] [ 11 24 ] ] # #
[ 10.0 [ 5 0 ] [ 41 0 ] [ 9 24 ] ] # $
[ 20.0 [ 6 0 ] [ 54 0 ] [ 16 24 ] ] # %
[ 16.66015625 [ 5 0 ] [ 74 0 ] [ 16 24 ] ] # &
[ 5.556640625 [ 6 0 ] [ 94 0 ] [ 4 24 ] ] # '
[ 6.66015625 [ 5 0 ] [ 102 0 ] [ 6 24 ] ] # (
[ 6.66015625 [ 5 0 ] [ 112 0 ] [ 6 24 ] ] # )
[ 10.0 [ 5 0 ] [ 122 0 ] [ 9 24 ] ] # *
[ 11.39648438 [ 5 0 ] [ 135 0 ] [ 11 24 ] ] # +
[ 5.0 [ 5 0 ] [ 150 0 ] [ 4 24 ] ] # ,
[ 6.66015625 [ 5 0 ] [ 158 0 ] [ 6 24 ] ] # -
[ 5.0 [ 5 0 ] [ 168 0 ] [ 4 24 ] ] # .
[ 5.556640625 [ 4 0 ] [ 176 0 ] [ 7 24 ] ] # /
[ 10.0 [ 4 0 ] [ 187 0 ] [ 10 24 ] ] # 0
[ 10.0 [ 5 0 ] [ 201 0 ] [ 9 24 ] ] # 1
[ 10.0 [ 4 0 ] [ 214 0 ] [ 10 24 ] ] # 2
[ 10.0 [ 4 0 ] [ 228 0 ] [ 10 24 ] ] # 3
[ 10.0 [ 4 0 ] [ 242 0 ] [ 10 24 ] ] # 4
[ 10.0 [ 4 0 ] [ 2 24 ] [ 10 24 ] ] # 5
[ 10.0 [ 5 0 ] [ 16 24 ] [ 9 24 ] ] # 6
[ 10.0 [ 4 0 ] [ 29 24 ] [ 10 24 ] ] # 7
[ 10.0 [ 5 0 ] [ 43 24 ] [ 9 24 ] ] # 8
[ 10.0 [ 5 0 ] [ 56 24 ] [ 9 24 ] ] # 9
[ 6.66015625 [ 6 0 ] [ 69 24 ] [ 4 24 ] ] # :
[ 6.66015625 [ 6 0 ] [ 77 24 ] [ 4 24 ] ] # ;
[ 11.39648438 [ 5 0 ] [ 85 24 ] [ 11 24 ] ] # <
[ 11.39648438 [ 5 0 ] [ 100 24 ] [ 11 24 ] ] # =
[ 11.39648438 [ 5 0 ] [ 115 24 ] [ 11 24 ] ] # >
[ 10.0 [ 5 0 ] [ 130 24 ] [ 9 24 ] ] # ?
[ 18.60351562 [ 6 0 ] [ 143 24 ] [ 15 24 ] ] # @
[ 14.44335938 [ 4 0 ] [ 162 24 ] [ 15 24 ] ] # A
[ 13.33984375 [ 4 0 ] [ 181 24 ] [ 13 24 ] ] # B
[ 14.44335938 [ 5 0 ] [ 198 24 ] [ 14 24 ] ] # C
[ 14.44335938 [ 4 0 ] [ 216 24 ] [ 15 24 ] ] # D
[ 13.33984375 [ 4 0 ] [ 235 24 ] [ 14 24 ] ] # E
[ 12.21679688 [ 4 0 ] [ 2 48 ] [ 12 24 ] ] # F
[ 15.55664062 [ 5 0 ] [ 18 48 ] [ 15 24 ] ] # G
[ 15.55664062 [ 4 0 ] [ 37 48 ] [ 16 24 ] ] # H
[ 7.783203125 [ 4 0 ] [ 57 48 ] [ 8 24 ] ] # I
[ 10.0 [ 4 0 ] [ 69 48 ] [ 10 24 ] ] # J
[ 15.55664062 [ 5 0 ] [ 83 48 ] [ 15 24 ] ] # K
[ 13.33984375 [ 4 0 ] [ 102 48 ] [ 14 24 ] ] # L
[ 18.87695312 [ 4 0 ] [ 120 48 ] [ 19 24 ] ] # M
[ 14.44335938 [ 4 0 ] [ 143 48 ] [ 15 24 ] ] # N
[ 15.55664062 [ 5 0 ] [ 162 48 ] [ 15 24 ] ] # O
[ 12.21679688 [ 4 0 ] [ 181 48 ] [ 13 24 ] ] # P
[ 15.55664062 [ 5 0 ] [ 198 48 ] [ 15 24 ] ] # Q
[ 14.44335938 [ 5 0 ] [ 217 48 ] [ 14 24 ] ] # R
[ 11.12304688 [ 5 0 ] [ 235 48 ] [ 10 24 ] ] # S
[ 13.33984375 [ 5 0 ] [ 2 72 ] [ 13 24 ] ] # T
[ 14.44335938 [ 4 0 ] [ 19 72 ] [ 15 24 ] ] # U
[ 14.44335938 [ 4 0 ] [ 38 72 ] [ 15 24 ] ] # V
[ 20.0 [ 4 0 ] [ 57 72 ] [ 20 24 ] ] # W
[ 14.44335938 [ 4 0 ] [ 81 72 ] [ 15 24 ] ] # X
[ 14.44335938 [ 4 0 ] [ 100 72 ] [ 15 24 ] ] # Y
[ 13.33984375 [ 5 0 ] [ 119 72 ] [ 12 24 ] ] # Z
[ 6.66015625 [ 5 0 ] [ 135 72 ] [ 6 24 ] ] # [
[ 5.556640625 [ 3 0 ] [ 145 72 ] [ 8 24 ] ] # \
[ 6.66015625 [ 5 0 ] [ 157 72 ] [ 5 24 ] ] # ]
[ 11.62109375 [ 5 0 ] [ 166 72 ] [ 10 24 ] ] # ^
[ 10.0 [ 4 0 ] [ 180 72 ] [ 11 24 ] ] # _
[ 6.66015625 [ 5 0 ] [ 195 72 ] [ 5 24 ] ] # `
[ 10.0 [ 4 0 ] [ 204 72 ] [ 11 24 ] ] # a
[ 11.12304688 [ 4 0 ] [ 219 72 ] [ 11 24 ] ] # b
[ 8.876953125 [ 5 0 ] [ 234 72 ] [ 8 24 ] ] # c
[ 11.12304688 [ 4 0 ] [ 2 96 ] [ 11 24 ] ] # d
[ 8.876953125 [ 5 0 ] [ 17 96 ] [ 8 24 ] ] # e
[ 6.66015625 [ 4 0 ] [ 29 96 ] [ 9 24 ] ] # f
[ 10.0 [ 5 0 ] [ 42 96 ] [ 9 24 ] ] # g
[ 11.12304688 [ 4 0 ] [ 55 96 ] [ 11 24 ] ] # h
[ 5.556640625 [ 4 0 ] [ 70 96 ] [ 6 24 ] ] # i
[ 6.66015625 [ 3 0 ] [ 80 96 ] [ 7 24 ] ] # j
[ 11.12304688 [ 4 0 ] [ 91 96 ] [ 12 24 ] ] # k
[ 5.556640625 [ 4 0 ] [ 107 96 ] [ 6 24 ] ] # l
[ 16.66015625 [ 4 0 ] [ 117 96 ] [ 17 24 ] ] # m
[ 11.12304688 [ 4 0 ] [ 138 96 ] [ 12 24 ] ] # n
[ 10.0 [ 4 0 ] [ 154 96 ] [ 10 24 ] ] # o
[ 11.12304688 [ 4 0 ] [ 168 96 ] [ 11 24 ] ] # p
[ 11.12304688 [ 5 0 ] [ 183 96 ] [ 11 24 ] ] # q
[ 8.876953125 [ 5 0 ] [ 198 96 ] [ 8 24 ] ] # r
[ 7.783203125 [ 4 0 ] [ 210 96 ] [ 8 24 ] ] # s
[ 6.66015625 [ 4 0 ] [ 222 96 ] [ 7 24 ] ] # t
[ 11.12304688 [ 4 0 ] [ 233 96 ] [ 12 24 ] ] # u
[ 10.0 [ 4 0 ] [ 2 120 ] [ 11 24 ] ] # v
[ 14.44335938 [ 4 0 ] [ 17 120 ] [ 15 24 ] ] # w
[ 10.0 [ 4 0 ] [ 36 120 ] [ 10 24 ] ] # x
[ 10.0 [ 4 0 ] [ 50 120 ] [ 10 24 ] ] # y
[ 8.876953125 [ 4 0 ] [ 64 120 ] [ 9 24 ] ] # z
[ 7.880859375 [ 5 0 ] [ 77 120 ] [ 7 24 ] ] # {
[ 4.404296875 [ 5 0 ] [ 88 120 ] [ 3 24 ] ] # |
[ 7.880859375 [ 5 0 ] [ 95 120 ] [ 7 24 ] ] # }
[ 10.40039062 [ 5 0 ] [ 106 120 ] [ 10 24 ] ] # ~
[ 7.0 [ 0 0 ] [ 120 120 ] [ 0 24 ] ] # 
