[ 4.9 [ 0 0 ] [ 2 0 ] [ 0 18 ] ] #  
[ 4.662109375 [ 5 0 ] [ 6 0 ] [ 3 18 ] ] # !
[ 7.772460938 [ 5 0 ] [ 13 0 ] [ 6 18 ] ] # "
[ 7.0 [ 4 0 ] [ 23 0 ] [ 8 18 ] ] # #
[ 7.0 [ 4 0 ] [ 35 0 ] [ 7 18 ] ] # $
[ 14.0 [ 6 0 ] [ 46 0 ] [ 11 18 ] ] # %
[ 11.66210938 [ 5 0 ] [ 61 0 ] [ 11 18 ] ] # &
[ 3.889648438 [ 5 0 ] [ 76 0 ] [ 4 18 ] ] # '
[ 4.662109375 [ 5 0 ] [ 84 0 ] [ 4 18 ] ] # (
[ 4.662109375 [ 4 0 ] [ 92 0 ] [ 5 18 ] ] # )
[ 7.0 [ 5 0 ] [ 101 0 ] [ 6 18 ] ] # *
[ 7.977539062 [ 4 0 ] [ 111 0 ] [ 8 18 ] ] # +
[ 3.5 [ 5 0 ] [ 123 0 ] [ 3 18 ] ] # ,
[ 4.662109375 [ 5 0 ] [ 130 0 ] [ 4 18 ] ] # -
[ 3.5 [ 5 0 ] [ 138 0 ] [ 3 18 ] ] # .
[ 3.889648438 [ 4 0 ] [ 145 0 ] [ 5 18 ] ] # /
[ 7.0 [ 4 0 ] [ 154 0 ] [ 7 18 ] ] # 0
[ 7.0 [ 5 0 ] [ 165 0 ] [ 6 18 ] ] # 1
[ 7.0 [ 4 0 ] [ 175 0 ] [ 7 18 ] ] # 2
[ 7.0 [ 4 0 ] [ 186 0 ] [ 7 18 ] ] # 3
[ 7.0 [ 4 0 ] [ 197 0 ] [ 7 18 ] ] # 4
[ 7.0 [ 4 0 ] [ 208 0 ] [ 7 18 ] ] # 5
[ 7.0 [ 4 0 ] [ 219 0 ] [ 7 18 ] ] # 6
[ 7.0 [ 4 0 ] [ 230 0 ] [ 7 18 ] ] # 7
[ 7.0 [ 4 0 ] [ 241 0 ] [ 7 18 ] ] # 8
[ 7.0 [ 4 0 ] [ 2 18 ] [ 7 18 ] ] # 9
[ 4.662109375 [ 5 0 ] [ 13 18 ] [ 3 18 ] ] # :
[ 4.662109375 [ 5 0 ] [ 20 18 ] [ 4 18 ] ] # ;
[ 7.977539062 [ 4 0 ] [ 28 18 ] [ 8 18 ] ] # <
[ 7.977539062 [ 4 0 ] [ 40 18 ] [ 8 18 ] ] # =
[ 7.977539062 [ 4 0 ] [ 52 18 ] [ 8 18 ] ] # >
[ 7.0 [ 5 0 ] [ 64 18 ] [ 6 18 ] ] # ?
[ 13.02246094 [ 6 0 ] [ 74 18 ] [ 10 18 ] ] # @
[ 10.11035156 [ 4 0 ] [ 88 18 ] [ 10 18 ] ] # A
[ 9.337890625 [ 4 0 ] [ 102 18 ] [ 9 18 ] ] # B
[ 10.11035156 [ 5 0 ] [ 115 18 ] [ 9 18 ] ] # C
[ 10.11035156 [ 4 0 ] [ 128 18 ] [ 10 18 ] ] # D
[ 9.337890625 [ 4 0 ] [ 142 18 ] [ 10 18 ] ] # E
[ 8.551757812 [ 4 0 ] [ 156 18 ] [ 9 18 ] ] # F
[ 10.88964844 [ 5 0 ] [ 169 18 ] [ 10 18 ] ] # G
[ 10.88964844 [ 4 0 ] [ 183 18 ] [ 11 18 ] ] # H
[ 5.448242188 [ 4 0 ] [ 198 18 ] [ 6 18 ] ] # I
[ 7.0 [ 4 0 ] [ 208 18 ] [ 8 18 ] ] # J
[ 10.88964844 [ 4 0 ] [ 220 18 ] [ 12 18 ] ] # K
[ 9.337890625 [ 4 0 ] [ 236 18 ] [ 10 18 ] ] # L
[ 13.21386719 [ 4 0 ] [ 2 36 ] [ 14 18 ] ] # M
[ 10.11035156 [ 4 0 ] [ 20 36 ] [ 11 18 ] ] # N
[ 10.88964844 [ 5 0 ] [ 35 36 ] [ 10 18 ] ] # O
[ 8.551757812 [ 4 0 ] [ 49 36 ] [ 9 18 ] ] # P
[ 10.88964844 [ 5 0 ] [ 62 36 ] [ 10 18 ] ] # Q
[ 10.11035156 [ 4 0 ] [ 76 36 ] [ 11 18 ] ] # R
[ 7.786132812 [ 4 0 ] [ 91 36 ] [ 8 18 ] ] # S
[ 9.337890625 [ 4 0 ] [ 103 36 ] [ 10 18 ] ] # T
[ 10.11035156 [ 4 0 ] [ 117 36 ] [ 11 18 ] ] # U
[ 10.11035156 [ 4 0 ] [ 132 36 ] [ 11 18 ] ] # V
[ 14.0 [ 4 0 ] [ 147 36 ] [ 15 18 ] ] # W
[ 10.11035156 [ 4 0 ] [ 166 36 ] [ 11 18 ] ] # X
[ 10.11035156 [ 4 0 ] [ 181 36 ] [ 11 18 ] ] # Y
[ 9.337890625 [ 4 0 ] [ 196 36 ] [ 10 18 ] ] # Z
[ 4.662109375 [ 5 0 ] [ 210 36 ] [ 4 18 ] ] # [
[ 3.889648438 [ 4 0 ] [ 218 36 ] [ 5 18 ] ] # \
[ 4.662109375 [ 4 0 ] [ 227 36 ] [ 4 18 ] ] # ]
[ 8.134765625 [ 5 0 ] [ 235 36 ] [ 7 18 ] ] # ^
[ 7.0 [ 4 0 ] [ 246 36 ] [ 8 18 ] ] # _
[ 4.662109375 [ 5 0 ] [ 2 54 ] [ 3 18 ] ] # `
[ 7.0 [ 4 0 ] [ 9 54 ] [ 8 18 ] ] # a
[ 7.786132812 [ 4 0 ] [ 21 54 ] [ 8 18 ] ] # b
[ 6.213867188 [ 4 0 ] [ 33 54 ] [ 7 18 ] ] # c
[ 7.786132812 [ 4 0 ] [ 44 54 ] [ 8 18 ] ] # d
[ 6.213867188 [ 4 0 ] [ 56 54 ] [ 7 18 ] ] # e
[ 4.662109375 [ 4 0 ] [ 67 54 ] [ 6 18 ] ] # f
[ 7.0 [ 4 0 ] [ 77 54 ] [ 8 18 ] ] # g
[ 7.786132812 [ 4 0 ] [ 89 54 ] [ 8 18 ] ] # h
[ 3.889648438 [ 4 0 ] [ 101 54 ] [ 4 18 ] ] # i
[ 4.662109375 [ 3 0 ] [ 109 54 ] [ 5 18 ] ] # j
[ 7.786132812 [ 4 0 ] [ 118 54 ] [ 8 18 ] ] # k
[ 3.889648438 [ 4 0 ] [ 130 54 ] [ 4 18 ] ] # l
[ 11.66210938 [ 4 0 ] [ 138 54 ] [ 12 18 ] ] # m
[ 7.786132812 [ 4 0 ] [ 154 54 ] [ 8 18 ] ] # n
[ 7.0 [ 4 0 ] [ 166 54 ] [ 7 18 ] ] # o
[ 7.786132812 [ 4 0 ] [ 177 54 ] [ 8 18 ] ] # p
[ 7.786132812 [ 4 0 ] [ 189 54 ] [ 8 18 ] ] # q
[ 6.213867188 [ 4 0 ] [ 201 54 ] [ 7 18 ] ] # r
[ 5.448242188 [ 4 0 ] [ 212 54 ] [ 6 18 ] ] # s
[ 4.662109375 [ 4 0 ] [ 222 54 ] [ 5 18 ] ] # t
[ 7.786132812 [ 4 0 ] [ 231 54 ] [ 8 18 ] ] # u
[ 7.0 [ 4 0 ] [ 243 54 ] [ 8 18 ] ] # v
[ 10.11035156 [ 4 0 ] [ 2 72 ] [ 11 18 ] ] # w
[ 7.0 [ 4 0 ] [ 17 72 ] [ 8 18 ] ] # x
[ 7.0 [ 4 0 ] [ 29 72 ] [ 8 18 ] ] # y
[ 6.213867188 [ 4 0 ] [ 41 72 ] [ 7 18 ] ] # z
[ 5.516601562 [ 4 0 ] [ 52 72 ] [ 6 18 ] ] # {
[ 3.083007812 [ 5 0 ] [ 62 72 ] [ 2 18 ] ] # |
[ 5.516601562 [ 5 0 ] [ 68 72 ] [ 5 18 ] ] # }
[ 7.280273438 [ 4 0 ] [ 77 72 ] [ 8 18 ] ] # ~
[ 4.9 [ 0 0 ] [ 89 72 ] [ 0 18 ] ] # 
