[ 4.359277344 [ 0 0 ] [ 2 0 ] [ 0 18 ] ] #  
[ 3.725585938 [ 5 0 ] [ 6 0 ] [ 3 18 ] ] # !
[ 5.3046875 [ 5 0 ] [ 13 0 ] [ 4 18 ] ] # "
[ 6.227539062 [ 4 0 ] [ 21 0 ] [ 7 18 ] ] # #
[ 6.227539062 [ 4 0 ] [ 32 0 ] [ 7 18 ] ] # $
[ 9.953125 [ 4 0 ] [ 43 0 ] [ 11 18 ] ] # %
[ 8.086914062 [ 5 0 ] [ 58 0 ] [ 8 18 ] ] # &
[ 2.659179688 [ 5 0 ] [ 70 0 ] [ 2 18 ] ] # '
[ 3.725585938 [ 4 0 ] [ 76 0 ] [ 4 18 ] ] # (
[ 3.725585938 [ 4 0 ] [ 84 0 ] [ 4 18 ] ] # )
[ 4.354492188 [ 4 0 ] [ 92 0 ] [ 5 18 ] ] # *
[ 6.53515625 [ 4 0 ] [ 101 0 ] [ 7 18 ] ] # +
[ 3.110351562 [ 5 0 ] [ 112 0 ] [ 2 18 ] ] # ,
[ 3.725585938 [ 4 0 ] [ 118 0 ] [ 4 18 ] ] # -
[ 3.110351562 [ 5 0 ] [ 126 0 ] [ 2 18 ] ] # .
[ 3.110351562 [ 4 0 ] [ 132 0 ] [ 4 18 ] ] # /
[ 6.227539062 [ 4 0 ] [ 140 0 ] [ 7 18 ] ] # 0
[ 6.227539062 [ 5 0 ] [ 151 0 ] [ 4 18 ] ] # 1
[ 6.227539062 [ 4 0 ] [ 159 0 ] [ 7 18 ] ] # 2
[ 6.227539062 [ 4 0 ] [ 170 0 ] [ 7 18 ] ] # 3
[ 6.227539062 [ 4 0 ] [ 181 0 ] [ 7 18 ] ] # 4
[ 6.227539062 [ 4 0 ] [ 192 0 ] [ 7 18 ] ] # 5
[ 6.227539062 [ 4 0 ] [ 203 0 ] [ 7 18 ] ] # 6
[ 6.227539062 [ 4 0 ] [ 214 0 ] [ 7 18 ] ] # 7
[ 6.227539062 [ 4 0 ] [ 225 0 ] [ 7 18 ] ] # 8
[ 6.227539062 [ 4 0 ] [ 236 0 ] [ 7 18 ] ] # 9
[ 3.725585938 [ 5 0 ] [ 247 0 ] [ 3 18 ] ] # :
[ 3.725585938 [ 5 0 ] [ 2 18 ] [ 3 18 ] ] # ;
[ 6.53515625 [ 4 0 ] [ 9 18 ] [ 7 18 ] ] # <
[ 6.53515625 [ 4 0 ] [ 20 18 ] [ 7 18 ] ] # =
[ 6.53515625 [ 4 0 ] [ 31 18 ] [ 7 18 ] ] # >
[ 6.8359375 [ 5 0 ] [ 42 18 ] [ 6 18 ] ] # ?
[ 10.91699219 [ 5 0 ] [ 52 18 ] [ 10 18 ] ] # @
[ 8.086914062 [ 4 0 ] [ 66 18 ] [ 9 18 ] ] # A
[ 8.086914062 [ 5 0 ] [ 79 18 ] [ 8 18 ] ] # B
[ 8.086914062 [ 4 0 ] [ 91 18 ] [ 9 18 ] ] # C
[ 8.086914062 [ 5 0 ] [ 104 18 ] [ 8 18 ] ] # D
[ 7.46484375 [ 5 0 ] [ 116 18 ] [ 7 18 ] ] # E
[ 6.8359375 [ 5 0 ] [ 127 18 ] [ 7 18 ] ] # F
[ 8.708984375 [ 4 0 ] [ 138 18 ] [ 9 18 ] ] # G
[ 8.086914062 [ 5 0 ] [ 151 18 ] [ 7 18 ] ] # H
[ 3.110351562 [ 5 0 ] [ 162 18 ] [ 2 18 ] ] # I
[ 6.227539062 [ 4 0 ] [ 168 18 ] [ 6 18 ] ] # J
[ 8.086914062 [ 5 0 ] [ 178 18 ] [ 8 18 ] ] # K
[ 6.8359375 [ 5 0 ] [ 190 18 ] [ 6 18 ] ] # L
[ 9.32421875 [ 5 0 ] [ 200 18 ] [ 9 18 ] ] # M
[ 8.086914062 [ 5 0 ] [ 213 18 ] [ 7 18 ] ] # N
[ 8.708984375 [ 4 0 ] [ 224 18 ] [ 9 18 ] ] # O
[ 7.46484375 [ 5 0 ] [ 237 18 ] [ 7 18 ] ] # P
[ 8.708984375 [ 4 0 ] [ 2 36 ] [ 9 18 ] ] # Q
[ 8.086914062 [ 5 0 ] [ 15 36 ] [ 8 18 ] ] # R
[ 7.46484375 [ 4 0 ] [ 27 36 ] [ 8 18 ] ] # S
[ 6.8359375 [ 4 0 ] [ 39 36 ] [ 8 18 ] ] # T
[ 8.086914062 [ 5 0 ] [ 51 36 ] [ 7 18 ] ] # U
[ 7.46484375 [ 4 0 ] [ 62 36 ] [ 8 18 ] ] # V
[ 10.56835938 [ 4 0 ] [ 74 36 ] [ 11 18 ] ] # W
[ 7.46484375 [ 4 0 ] [ 89 36 ] [ 8 18 ] ] # X
[ 7.46484375 [ 4 0 ] [ 101 36 ] [ 8 18 ] ] # Y
[ 6.8359375 [ 4 0 ] [ 113 36 ] [ 8 18 ] ] # Z
[ 3.725585938 [ 5 0 ] [ 125 36 ] [ 3 18 ] ] # [
[ 3.110351562 [ 4 0 ] [ 132 36 ] [ 4 18 ] ] # \
[ 3.725585938 [ 4 0 ] [ 140 36 ] [ 4 18 ] ] # ]
[ 6.53515625 [ 5 0 ] [ 148 36 ] [ 6 18 ] ] # ^
[ 6.227539062 [ 4 0 ] [ 158 36 ] [ 7 18 ] ] # _
[ 3.725585938 [ 5 0 ] [ 169 36 ] [ 2 18 ] ] # `
[ 6.227539062 [ 4 0 ] [ 175 36 ] [ 7 18 ] ] # a
[ 6.8359375 [ 5 0 ] [ 186 36 ] [ 6 18 ] ] # b
[ 6.227539062 [ 4 0 ] [ 196 36 ] [ 7 18 ] ] # c
[ 6.8359375 [ 4 0 ] [ 207 36 ] [ 7 18 ] ] # d
[ 6.227539062 [ 4 0 ] [ 218 36 ] [ 7 18 ] ] # e
[ 3.725585938 [ 4 0 ] [ 229 36 ] [ 4 18 ] ] # f
[ 6.8359375 [ 4 0 ] [ 237 36 ] [ 7 18 ] ] # g
[ 6.8359375 [ 5 0 ] [ 248 36 ] [ 6 18 ] ] # h
[ 3.110351562 [ 5 0 ] [ 2 54 ] [ 2 18 ] ] # i
[ 3.110351562 [ 4 0 ] [ 8 54 ] [ 3 18 ] ] # j
[ 6.227539062 [ 5 0 ] [ 15 54 ] [ 6 18 ] ] # k
[ 3.110351562 [ 5 0 ] [ 25 54 ] [ 2 18 ] ] # l
[ 9.953125 [ 5 0 ] [ 31 54 ] [ 9 18 ] ] # m
[ 6.8359375 [ 5 0 ] [ 44 54 ] [ 6 18 ] ] # n
[ 6.8359375 [ 4 0 ] [ 54 54 ] [ 7 18 ] ] # o
[ 6.8359375 [ 5 0 ] [ 65 54 ] [ 6 18 ] ] # p
[ 6.8359375 [ 4 0 ] [ 75 54 ] [ 7 18 ] ] # q
[ 4.354492188 [ 5 0 ] [ 86 54 ] [ 4 18 ] ] # r
[ 6.227539062 [ 4 0 ] [ 94 54 ] [ 7 18 ] ] # s
[ 3.725585938 [ 4 0 ] [ 105 54 ] [ 4 18 ] ] # t
[ 6.8359375 [ 5 0 ] [ 113 54 ] [ 6 18 ] ] # u
[ 6.227539062 [ 4 0 ] [ 123 54 ] [ 7 18 ] ] # v
[ 8.708984375 [ 4 0 ] [ 134 54 ] [ 10 18 ] ] # w
[ 6.227539062 [ 4 0 ] [ 148 54 ] [ 7 18 ] ] # x
[ 6.227539062 [ 4 0 ] [ 159 54 ] [ 7 18 ] ] # y
[ 5.598632812 [ 4 0 ] [ 170 54 ] [ 6 18 ] ] # z
[ 4.354492188 [ 5 0 ] [ 180 54 ] [ 4 18 ] ] # {
[ 3.130859375 [ 5 0 ] [ 188 54 ] [ 2 18 ] ] # |
[ 4.354492188 [ 4 0 ] [ 194 54 ] [ 5 18 ] ] # }
[ 6.53515625 [ 5 0 ] [ 203 54 ] [ 6 18 ] ] # ~
[ 4.359277344 [ 0 0 ] [ 213 54 ] [ 0 18 ] ] # 
