[ 2.0 [ 0 0 ] [ 2 0 ] [ 0 22 ] ] #  
[ 5.0 [ 6 0 ] [ 6 0 ] [ 3 22 ] ] # !
[ 14.0 [ 5 0 ] [ 13 0 ] [ 12 22 ] ] # "
[ 11.0 [ 4 0 ] [ 29 0 ] [ 9 22 ] ] # #
[ 11.0 [ 4 0 ] [ 42 0 ] [ 9 22 ] ] # $
[ 16.0 [ 5 0 ] [ 55 0 ] [ 14 22 ] ] # %
[ 15.0 [ 5 0 ] [ 73 0 ] [ 13 22 ] ] # &
[ 9.0 [ 5 0 ] [ 90 0 ] [ 7 22 ] ] # '
[ 7.0 [ 5 0 ] [ 101 0 ] [ 5 22 ] ] # (
[ 7.0 [ 5 0 ] [ 110 0 ] [ 5 22 ] ] # )
[ 9.0 [ 5 0 ] [ 119 0 ] [ 7 22 ] ] # *
[ 13.0 [ 4 0 ] [ 130 0 ] [ 11 22 ] ] # +
[ 5.0 [ 5 0 ] [ 145 0 ] [ 3 22 ] ] # ,
[ 12.0 [ 4 0 ] [ 152 0 ] [ 10 22 ] ] # -
[ 5.0 [ 5 0 ] [ 166 0 ] [ 3 22 ] ] # .
[ 7.0 [ 4 0 ] [ 173 0 ] [ 5 22 ] ] # /
[ 11.0 [ 4 0 ] [ 182 0 ] [ 9 22 ] ] # 0
[ 8.0 [ 6 0 ] [ 195 0 ] [ 6 22 ] ] # 1
[ 11.0 [ 4 0 ] [ 205 0 ] [ 9 22 ] ] # 2
[ 10.0 [ 5 0 ] [ 218 0 ] [ 8 22 ] ] # 3
[ 11.0 [ 4 0 ] [ 230 0 ] [ 9 22 ] ] # 4
[ 10.0 [ 5 0 ] [ 243 0 ] [ 8 22 ] ] # 5
[ 10.0 [ 5 0 ] [ 2 22 ] [ 8 22 ] ] # 6
[ 11.0 [ 4 0 ] [ 14 22 ] [ 9 22 ] ] # 7
[ 10.0 [ 5 0 ] [ 27 22 ] [ 8 22 ] ] # 8
[ 10.0 [ 5 0 ] [ 39 22 ] [ 8 22 ] ] # 9
[ 5.0 [ 5 0 ] [ 51 22 ] [ 3 22 ] ] # :
[ 6.0 [ 5 0 ] [ 58 22 ] [ 4 22 ] ] # ;
[ 12.0 [ 4 0 ] [ 66 22 ] [ 10 22 ] ] # <
[ 12.0 [ 4 0 ] [ 80 22 ] [ 10 22 ] ] # =
[ 12.0 [ 4 0 ] [ 94 22 ] [ 10 22 ] ] # >
[ 9.0 [ 5 0 ] [ 108 22 ] [ 7 22 ] ] # ?
[ 12.0 [ 4 0 ] [ 119 22 ] [ 10 22 ] ] # @
[ 15.0 [ 4 0 ] [ 133 22 ] [ 13 22 ] ] # A
[ 12.0 [ 5 0 ] [ 150 22 ] [ 10 22 ] ] # B
[ 15.0 [ 4 0 ] [ 164 22 ] [ 13 22 ] ] # C
[ 14.0 [ 4 0 ] [ 181 22 ] [ 12 22 ] ] # D
[ 13.0 [ 5 0 ] [ 197 22 ] [ 11 22 ] ] # E
[ 16.0 [ 4 0 ] [ 212 22 ] [ 14 22 ] ] # F
[ 14.0 [ 4 0 ] [ 230 22 ] [ 12 22 ] ] # G
[ 15.0 [ 5 0 ] [ 2 44 ] [ 13 22 ] ] # H
[ 7.0 [ 5 0 ] [ 19 44 ] [ 5 22 ] ] # I
[ 14.0 [ 4 0 ] [ 28 44 ] [ 12 22 ] ] # J
[ 15.0 [ 5 0 ] [ 44 44 ] [ 13 22 ] ] # K
[ 15.0 [ 4 0 ] [ 61 44 ] [ 13 22 ] ] # L
[ 18.0 [ 5 0 ] [ 78 44 ] [ 16 22 ] ] # M
[ 15.0 [ 5 0 ] [ 98 44 ] [ 13 22 ] ] # N
[ 15.0 [ 5 0 ] [ 115 44 ] [ 13 22 ] ] # O
[ 16.0 [ 4 0 ] [ 132 44 ] [ 14 22 ] ] # P
[ 15.0 [ 5 0 ] [ 150 44 ] [ 13 22 ] ] # Q
[ 12.0 [ 5 0 ] [ 167 44 ] [ 10 22 ] ] # R
[ 13.0 [ 4 0 ] [ 181 44 ] [ 11 22 ] ] # S
[ 13.0 [ 5 0 ] [ 196 44 ] [ 11 22 ] ] # T
[ 15.0 [ 4 0 ] [ 211 44 ] [ 13 22 ] ] # U
[ 10.0 [ 5 0 ] [ 228 44 ] [ 8 22 ] ] # V
[ 15.0 [ 5 0 ] [ 240 44 ] [ 13 22 ] ] # W
[ 13.0 [ 5 0 ] [ 2 66 ] [ 11 22 ] ] # X
[ 17.0 [ 4 0 ] [ 17 66 ] [ 15 22 ] ] # Y
[ 13.0 [ 5 0 ] [ 36 66 ] [ 11 22 ] ] # Z
[ 6.0 [ 6 0 ] [ 51 66 ] [ 4 22 ] ] # [
[ 12.0 [ 7 0 ] [ 59 66 ] [ 10 22 ] ] # \
[ 6.0 [ 5 0 ] [ 73 66 ] [ 4 22 ] ] # ]
[ 15.0 [ 4 0 ] [ 81 66 ] [ 13 22 ] ] # ^
[ 12.0 [ 4 0 ] [ 98 66 ] [ 10 22 ] ] # _
[ 2.0 [ 0 0 ] [ 112 66 ] [ 0 22 ] ] # `
[ 13.0 [ 5 0 ] [ 116 66 ] [ 11 22 ] ] # a
[ 11.0 [ 5 0 ] [ 131 66 ] [ 9 22 ] ] # b
[ 12.0 [ 4 0 ] [ 144 66 ] [ 10 22 ] ] # c
[ 10.0 [ 5 0 ] [ 158 66 ] [ 8 22 ] ] # d
[ 10.0 [ 4 0 ] [ 170 66 ] [ 8 22 ] ] # e
[ 11.0 [ 5 0 ] [ 182 66 ] [ 9 22 ] ] # f
[ 11.0 [ 4 0 ] [ 195 66 ] [ 9 22 ] ] # g
[ 12.0 [ 4 0 ] [ 208 66 ] [ 10 22 ] ] # h
[ 8.0 [ 4 0 ] [ 222 66 ] [ 6 22 ] ] # i
[ 12.0 [ 5 0 ] [ 232 66 ] [ 10 22 ] ] # j
[ 12.0 [ 5 0 ] [ 2 88 ] [ 10 22 ] ] # k
[ 13.0 [ 4 0 ] [ 16 88 ] [ 11 22 ] ] # l
[ 12.0 [ 5 0 ] [ 31 88 ] [ 10 22 ] ] # m
[ 11.0 [ 4 0 ] [ 45 88 ] [ 9 22 ] ] # n
[ 11.0 [ 5 0 ] [ 58 88 ] [ 9 22 ] ] # o
[ 12.0 [ 4 0 ] [ 71 88 ] [ 10 22 ] ] # p
[ 11.0 [ 5 0 ] [ 85 88 ] [ 9 22 ] ] # q
[ 11.0 [ 5 0 ] [ 98 88 ] [ 9 22 ] ] # r
[ 12.0 [ 5 0 ] [ 111 88 ] [ 10 22 ] ] # s
[ 10.0 [ 4 0 ] [ 125 88 ] [ 8 22 ] ] # t
[ 12.0 [ 4 0 ] [ 137 88 ] [ 10 22 ] ] # u
[ 15.0 [ 4 0 ] [ 151 88 ] [ 13 22 ] ] # v
[ 14.0 [ 5 0 ] [ 168 88 ] [ 12 22 ] ] # w
[ 10.0 [ 5 0 ] [ 184 88 ] [ 8 22 ] ] # x
[ 15.0 [ 4 0 ] [ 196 88 ] [ 13 22 ] ] # y
[ 10.0 [ 5 0 ] [ 213 88 ] [ 8 22 ] ] # z
[ 9.0 [ 5 0 ] [ 225 88 ] [ 7 22 ] ] # {
[ 4.0 [ 5 0 ] [ 236 88 ] [ 2 22 ] ] # |
[ 9.0 [ 5 0 ] [ 242 88 ] [ 7 22 ] ] # }
[ 12.0 [ 4 0 ] [ 2 110 ] [ 10 22 ] ] # ~
[ 2.0 [ 0 0 ] [ 16 110 ] [ 0 22 ] ] # 
[ 2.0 [ 0 0 ] [ 20 110 ] [ 0 22 ] ] # Ä
[ 2.0 [ 0 0 ] [ 24 110 ] [ 0 22 ] ] # Å
[ 2.0 [ 0 0 ] [ 28 110 ] [ 0 22 ] ] # Ç
[ 2.0 [ 0 0 ] [ 32 110 ] [ 0 22 ] ] # É
[ 2.0 [ 0 0 ] [ 36 110 ] [ 0 22 ] ] # Ñ
[ 2.0 [ 0 0 ] [ 40 110 ] [ 0 22 ] ] # Ö
[ 2.0 [ 0 0 ] [ 44 110 ] [ 0 22 ] ] # Ü
[ 2.0 [ 0 0 ] [ 48 110 ] [ 0 22 ] ] # á
[ 2.0 [ 0 0 ] [ 52 110 ] [ 0 22 ] ] # à
[ 2.0 [ 0 0 ] [ 56 110 ] [ 0 22 ] ] # â
[ 2.0 [ 0 0 ] [ 60 110 ] [ 0 22 ] ] # ä
[ 2.0 [ 0 0 ] [ 64 110 ] [ 0 22 ] ] # ã
[ 2.0 [ 0 0 ] [ 68 110 ] [ 0 22 ] ] # å
[ 2.0 [ 0 0 ] [ 72 110 ] [ 0 22 ] ] # ç
[ 2.0 [ 0 0 ] [ 76 110 ] [ 0 22 ] ] # é
[ 2.0 [ 0 0 ] [ 80 110 ] [ 0 22 ] ] # è
[ 2.0 [ 0 0 ] [ 84 110 ] [ 0 22 ] ] # ê
[ 2.0 [ 0 0 ] [ 88 110 ] [ 0 22 ] ] # ë
[ 2.0 [ 0 0 ] [ 92 110 ] [ 0 22 ] ] # í
[ 2.0 [ 0 0 ] [ 96 110 ] [ 0 22 ] ] # ì
[ 2.0 [ 0 0 ] [ 100 110 ] [ 0 22 ] ] # î
[ 2.0 [ 0 0 ] [ 104 110 ] [ 0 22 ] ] # ï
[ 2.0 [ 0 0 ] [ 108 110 ] [ 0 22 ] ] # ñ
[ 2.0 [ 0 0 ] [ 112 110 ] [ 0 22 ] ] # ó
[ 2.0 [ 0 0 ] [ 116 110 ] [ 0 22 ] ] # ò
[ 2.0 [ 0 0 ] [ 120 110 ] [ 0 22 ] ] # ô
[ 2.0 [ 0 0 ] [ 124 110 ] [ 0 22 ] ] # ö
[ 2.0 [ 0 0 ] [ 128 110 ] [ 0 22 ] ] # õ
[ 2.0 [ 0 0 ] [ 132 110 ] [ 0 22 ] ] # ú
[ 2.0 [ 0 0 ] [ 136 110 ] [ 0 22 ] ] # ù
[ 2.0 [ 0 0 ] [ 140 110 ] [ 0 22 ] ] # û
[ 2.0 [ 0 0 ] [ 144 110 ] [ 0 22 ] ] # ü
[ 15.0 [ 5 0 ] [ 148 110 ] [ 13 22 ] ] # †
[ 14.0 [ 4 0 ] [ 165 110 ] [ 12 22 ] ] # °
[ 6.0 [ 5 0 ] [ 181 110 ] [ 4 22 ] ] # ¢
[ 11.0 [ 5 0 ] [ 189 110 ] [ 9 22 ] ] # £
[ 12.0 [ 1 0 ] [ 202 110 ] [ 10 22 ] ] # §
[ 15.0 [ 4 0 ] [ 216 110 ] [ 13 22 ] ] # •
[ 12.0 [ 4 0 ] [ 233 110 ] [ 10 22 ] ] # ¶
[ 13.0 [ 6 0 ] [ 2 132 ] [ 11 22 ] ] # ß
[ 11.0 [ 7 0 ] [ 17 132 ] [ 9 22 ] ] # ®
[ 12.0 [ 6 0 ] [ 30 132 ] [ 10 22 ] ] # ©
[ 12.0 [ 6 0 ] [ 44 132 ] [ 10 22 ] ] # ™
[ 21.0 [ 4 0 ] [ 58 132 ] [ 19 22 ] ] # ´
[ 19.0 [ 5 0 ] [ 81 132 ] [ 17 22 ] ] # ¨
[ 12.0 [ 5 0 ] [ 102 132 ] [ 10 22 ] ] # ≠
[ 19.0 [ 5 0 ] [ 116 132 ] [ 17 22 ] ] # Æ
[ 12.0 [ 5 0 ] [ 137 132 ] [ 10 22 ] ] # Ø
[ 8.0 [ 5 0 ] [ 151 132 ] [ 6 22 ] ] # ∞
[ 13.0 [ 4 0 ] [ 161 132 ] [ 11 22 ] ] # ±
[ 10.0 [ 4 0 ] [ 176 132 ] [ 8 22 ] ] # ≤
[ 11.0 [ 5 0 ] [ 188 132 ] [ 9 22 ] ] # ≥
[ 12.0 [ 4 0 ] [ 201 132 ] [ 10 22 ] ] # ¥
[ 14.0 [ 4 0 ] [ 215 132 ] [ 12 22 ] ] # µ
[ 11.0 [ 4 0 ] [ 231 132 ] [ 9 22 ] ] # ∂
[ 9.0 [ 5 0 ] [ 244 132 ] [ 7 22 ] ] # ∑
[ 12.0 [ 4 0 ] [ 2 154 ] [ 10 22 ] ] # ∏
[ 13.0 [ 4 0 ] [ 16 154 ] [ 11 22 ] ] # π
[ 12.0 [ 4 0 ] [ 31 154 ] [ 10 22 ] ] # ∫
[ 12.0 [ 4 0 ] [ 45 154 ] [ 10 22 ] ] # ª
[ 17.0 [ 6 0 ] [ 59 154 ] [ 15 22 ] ] # º
[ 4.0 [ 9 0 ] [ 78 154 ] [ 2 22 ] ] # Ω
[ 23.0 [ 3 0 ] [ 84 154 ] [ 21 22 ] ] # æ
[ 14.0 [ 4 0 ] [ 109 154 ] [ 12 22 ] ] # ø
[ 12.0 [ 7 0 ] [ 125 154 ] [ 10 22 ] ] # ¿
[ 13.0 [ 4 0 ] [ 139 154 ] [ 11 22 ] ] # ¡
[ 15.0 [ 5 0 ] [ 154 154 ] [ 13 22 ] ] # ¬
[ 15.0 [ 7 0 ] [ 171 154 ] [ 13 22 ] ] # √
[ 15.0 [ 5 0 ] [ 188 154 ] [ 13 22 ] ] # ƒ
[ 15.0 [ 5 0 ] [ 205 154 ] [ 13 22 ] ] # ≈
[ 16.0 [ 5 0 ] [ 222 154 ] [ 14 22 ] ] # ∆
[ 15.0 [ 5 0 ] [ 240 154 ] [ 13 22 ] ] # «
[ 15.0 [ 5 0 ] [ 2 176 ] [ 13 22 ] ] # »
[ 15.0 [ 4 0 ] [ 19 176 ] [ 13 22 ] ] # …
[ 15.0 [ 4 0 ] [ 36 176 ] [ 13 22 ] ] #  
[ 14.0 [ 5 0 ] [ 53 176 ] [ 12 22 ] ] # À
[ 14.0 [ 5 0 ] [ 69 176 ] [ 12 22 ] ] # Ã
[ 14.0 [ 5 0 ] [ 85 176 ] [ 12 22 ] ] # Õ
[ 11.0 [ 5 0 ] [ 101 176 ] [ 9 22 ] ] # Œ
[ 11.0 [ 5 0 ] [ 114 176 ] [ 9 22 ] ] # œ
[ 15.0 [ 5 0 ] [ 127 176 ] [ 13 22 ] ] # –
[ 14.0 [ 5 0 ] [ 144 176 ] [ 12 22 ] ] # —
[ 15.0 [ 5 0 ] [ 160 176 ] [ 13 22 ] ] # “
[ 15.0 [ 5 0 ] [ 177 176 ] [ 13 22 ] ] # ”
[ 18.0 [ 4 0 ] [ 194 176 ] [ 16 22 ] ] # ‘
[ 17.0 [ 4 0 ] [ 214 176 ] [ 15 22 ] ] # ’
[ 12.0 [ 4 0 ] [ 233 176 ] [ 10 22 ] ] # ÷
[ 5.0 [ 5 0 ] [ 247 176 ] [ 3 22 ] ] # ◊
[ 15.0 [ 4 0 ] [ 2 198 ] [ 13 22 ] ] # ÿ
[ 13.0 [ 4 0 ] [ 19 198 ] [ 11 22 ] ] # Ÿ
[ 12.0 [ 5 0 ] [ 34 198 ] [ 10 22 ] ] # ⁄
[ 20.0 [ 5 0 ] [ 48 198 ] [ 18 22 ] ] # €
[ 19.0 [ 5 0 ] [ 70 198 ] [ 17 22 ] ] # ‹
[ 12.0 [ 5 0 ] [ 91 198 ] [ 10 22 ] ] # ›
[ 19.0 [ 5 0 ] [ 105 198 ] [ 17 22 ] ] # ﬁ
[ 12.0 [ 5 0 ] [ 126 198 ] [ 10 22 ] ] # ﬂ
[ 11.0 [ 4 0 ] [ 140 198 ] [ 9 22 ] ] # ‡
[ 8.0 [ 4 0 ] [ 153 198 ] [ 6 22 ] ] # ·
[ 15.0 [ 5 0 ] [ 163 198 ] [ 13 22 ] ] # ‚
[ 15.0 [ 5 0 ] [ 180 198 ] [ 13 22 ] ] # „
[ 16.0 [ 4 0 ] [ 197 198 ] [ 14 22 ] ] # ‰
[ 15.0 [ 4 0 ] [ 215 198 ] [ 13 22 ] ] # Â
[ 7.0 [ 5 0 ] [ 232 198 ] [ 5 22 ] ] # Ê
[ 3.0 [ 5 0 ] [ 241 198 ] [ 1 22 ] ] # Á
[ 9.0 [ 5 0 ] [ 246 198 ] [ 7 22 ] ] # Ë
[ 4.0 [ 4 0 ] [ 2 220 ] [ 2 22 ] ] # È
[ 4.0 [ 4 0 ] [ 8 220 ] [ 2 22 ] ] # Í
[ 9.0 [ 4 0 ] [ 14 220 ] [ 7 22 ] ] # Î
[ 4.0 [ 8 0 ] [ 25 220 ] [ 2 22 ] ] # Ï
[ 7.0 [ 4 0 ] [ 31 220 ] [ 5 22 ] ] # Ì
[ 7.0 [ 8 0 ] [ 40 220 ] [ 5 22 ] ] # Ó
[ 3.0 [ 8 0 ] [ 49 220 ] [ 1 22 ] ] # Ô
[ 2.0 [ 0 0 ] [ 54 220 ] [ 0 22 ] ] # 
[ 8.0 [ 4 0 ] [ 58 220 ] [ 6 22 ] ] # Ò
[ 6.0 [ 4 0 ] [ 68 220 ] [ 4 22 ] ] # Ú
[ 10.0 [ 10 0 ] [ 76 220 ] [ 8 22 ] ] # Û
[ 4.0 [ 10 0 ] [ 88 220 ] [ 2 22 ] ] # Ù
[ 9.0 [ 5 0 ] [ 94 220 ] [ 7 22 ] ] # ı
[ 8.0 [ 7 0 ] [ 105 220 ] [ 6 22 ] ] # ˆ
[ 4.0 [ 11 0 ] [ 115 220 ] [ 2 22 ] ] # ˜
[ 10.0 [ 5 0 ] [ 121 220 ] [ 8 22 ] ] # ¯
[ 4.0 [ 9 0 ] [ 133 220 ] [ 2 22 ] ] # ˘
[ 4.0 [ 9 0 ] [ 139 220 ] [ 2 22 ] ] # ˙
[ 9.0 [ 4 0 ] [ 145 220 ] [ 7 22 ] ] # ˚
[ 4.0 [ 7 0 ] [ 156 220 ] [ 2 22 ] ] # ¸
[ 7.0 [ 8 0 ] [ 162 220 ] [ 5 22 ] ] # ˝
[ 7.0 [ 4 0 ] [ 171 220 ] [ 5 22 ] ] # ˛
[ 2.0 [ 0 0 ] [ 180 220 ] [ 0 22 ] ] # ˇ
