[ 13.07783203 [ 0 0 ] [ 2 0 ] [ 0 46 ] ] #  
[ 11.17675781 [ 7 0 ] [ 6 0 ] [ 6 46 ] ] # !
[ 15.9140625 [ 7 0 ] [ 16 0 ] [ 11 46 ] ] # "
[ 18.68261719 [ 5 0 ] [ 31 0 ] [ 18 46 ] ] # #
[ 18.68261719 [ 5 0 ] [ 53 0 ] [ 18 46 ] ] # $
[ 29.859375 [ 5 0 ] [ 75 0 ] [ 29 46 ] ] # %
[ 24.26074219 [ 6 0 ] [ 108 0 ] [ 23 46 ] ] # &
[ 7.977539062 [ 6 0 ] [ 135 0 ] [ 6 46 ] ] # '
[ 11.17675781 [ 5 0 ] [ 145 0 ] [ 11 46 ] ] # (
[ 11.17675781 [ 5 0 ] [ 160 0 ] [ 10 46 ] ] # )
[ 13.06347656 [ 5 0 ] [ 174 0 ] [ 12 46 ] ] # *
[ 19.60546875 [ 5 0 ] [ 190 0 ] [ 19 46 ] ] # +
[ 9.331054688 [ 6 0 ] [ 213 0 ] [ 6 46 ] ] # ,
[ 11.17675781 [ 5 0 ] [ 223 0 ] [ 10 46 ] ] # -
[ 9.331054688 [ 6 0 ] [ 237 0 ] [ 6 46 ] ] # .
[ 9.331054688 [ 3 0 ] [ 247 0 ] [ 12 46 ] ] # /
[ 18.68261719 [ 5 0 ] [ 263 0 ] [ 18 46 ] ] # 0
[ 18.68261719 [ 6 0 ] [ 285 0 ] [ 12 46 ] ] # 1
[ 18.68261719 [ 5 0 ] [ 301 0 ] [ 17 46 ] ] # 2
[ 18.68261719 [ 5 0 ] [ 322 0 ] [ 18 46 ] ] # 3
[ 18.68261719 [ 5 0 ] [ 344 0 ] [ 18 46 ] ] # 4
[ 18.68261719 [ 5 0 ] [ 366 0 ] [ 18 46 ] ] # 5
[ 18.68261719 [ 5 0 ] [ 388 0 ] [ 18 46 ] ] # 6
[ 18.68261719 [ 5 0 ] [ 410 0 ] [ 18 46 ] ] # 7
[ 18.68261719 [ 5 0 ] [ 432 0 ] [ 18 46 ] ] # 8
[ 18.68261719 [ 5 0 ] [ 454 0 ] [ 18 46 ] ] # 9
[ 11.17675781 [ 7 0 ] [ 476 0 ] [ 6 46 ] ] # :
[ 11.17675781 [ 7 0 ] [ 486 0 ] [ 6 46 ] ] # ;
[ 19.60546875 [ 5 0 ] [ 2 46 ] [ 19 46 ] ] # <
[ 19.60546875 [ 5 0 ] [ 25 46 ] [ 19 46 ] ] # =
[ 19.60546875 [ 5 0 ] [ 48 46 ] [ 19 46 ] ] # >
[ 20.5078125 [ 6 0 ] [ 71 46 ] [ 18 46 ] ] # ?
[ 32.75097656 [ 8 0 ] [ 93 46 ] [ 26 46 ] ] # @
[ 24.26074219 [ 5 0 ] [ 123 46 ] [ 24 46 ] ] # A
[ 24.26074219 [ 7 0 ] [ 151 46 ] [ 21 46 ] ] # B
[ 24.26074219 [ 6 0 ] [ 176 46 ] [ 22 46 ] ] # C
[ 24.26074219 [ 7 0 ] [ 202 46 ] [ 21 46 ] ] # D
[ 22.39453125 [ 7 0 ] [ 227 46 ] [ 19 46 ] ] # E
[ 20.5078125 [ 7 0 ] [ 250 46 ] [ 18 46 ] ] # F
[ 26.12695312 [ 6 0 ] [ 272 46 ] [ 23 46 ] ] # G
[ 24.26074219 [ 6 0 ] [ 299 46 ] [ 21 46 ] ] # H
[ 9.331054688 [ 6 0 ] [ 324 46 ] [ 6 46 ] ] # I
[ 18.68261719 [ 5 0 ] [ 334 46 ] [ 16 46 ] ] # J
[ 24.26074219 [ 7 0 ] [ 354 46 ] [ 23 46 ] ] # K
[ 20.5078125 [ 7 0 ] [ 381 46 ] [ 18 46 ] ] # L
[ 27.97265625 [ 6 0 ] [ 403 46 ] [ 25 46 ] ] # M
[ 24.26074219 [ 6 0 ] [ 432 46 ] [ 21 46 ] ] # N
[ 26.12695312 [ 5 0 ] [ 457 46 ] [ 25 46 ] ] # O
[ 22.39453125 [ 7 0 ] [ 486 46 ] [ 19 46 ] ] # P
[ 26.12695312 [ 5 0 ] [ 2 92 ] [ 25 46 ] ] # Q
[ 24.26074219 [ 7 0 ] [ 31 92 ] [ 21 46 ] ] # R
[ 22.39453125 [ 5 0 ] [ 56 92 ] [ 21 46 ] ] # S
[ 20.5078125 [ 4 0 ] [ 81 92 ] [ 21 46 ] ] # T
[ 24.26074219 [ 7 0 ] [ 106 92 ] [ 20 46 ] ] # U
[ 22.39453125 [ 5 0 ] [ 130 92 ] [ 22 46 ] ] # V
[ 31.70507812 [ 5 0 ] [ 156 92 ] [ 32 46 ] ] # W
[ 22.39453125 [ 5 0 ] [ 192 92 ] [ 22 46 ] ] # X
[ 22.39453125 [ 5 0 ] [ 218 92 ] [ 22 46 ] ] # Y
[ 20.5078125 [ 5 0 ] [ 244 92 ] [ 20 46 ] ] # Z
[ 11.17675781 [ 6 0 ] [ 268 92 ] [ 9 46 ] ] # [
[ 9.331054688 [ 3 0 ] [ 281 92 ] [ 12 46 ] ] # \
[ 11.17675781 [ 5 0 ] [ 297 92 ] [ 9 46 ] ] # ]
[ 19.60546875 [ 6 0 ] [ 310 92 ] [ 17 46 ] ] # ^
[ 18.68261719 [ 4 0 ] [ 331 92 ] [ 20 46 ] ] # _
[ 11.17675781 [ 6 0 ] [ 355 92 ] [ 6 46 ] ] # `
[ 18.68261719 [ 5 0 ] [ 365 92 ] [ 18 46 ] ] # a
[ 20.5078125 [ 6 0 ] [ 387 92 ] [ 19 46 ] ] # b
[ 18.68261719 [ 5 0 ] [ 410 92 ] [ 18 46 ] ] # c
[ 20.5078125 [ 5 0 ] [ 432 92 ] [ 19 46 ] ] # d
[ 18.68261719 [ 5 0 ] [ 455 92 ] [ 18 46 ] ] # e
[ 11.17675781 [ 4 0 ] [ 477 92 ] [ 12 46 ] ] # f
[ 20.5078125 [ 5 0 ] [ 2 138 ] [ 19 46 ] ] # g
[ 20.5078125 [ 6 0 ] [ 25 138 ] [ 18 46 ] ] # h
[ 9.331054688 [ 6 0 ] [ 47 138 ] [ 6 46 ] ] # i
[ 9.331054688 [ 4 0 ] [ 57 138 ] [ 8 46 ] ] # j
[ 18.68261719 [ 6 0 ] [ 69 138 ] [ 18 46 ] ] # k
[ 9.331054688 [ 6 0 ] [ 91 138 ] [ 6 46 ] ] # l
[ 29.859375 [ 6 0 ] [ 101 138 ] [ 27 46 ] ] # m
[ 20.5078125 [ 6 0 ] [ 132 138 ] [ 18 46 ] ] # n
[ 20.5078125 [ 5 0 ] [ 154 138 ] [ 20 46 ] ] # o
[ 20.5078125 [ 6 0 ] [ 178 138 ] [ 19 46 ] ] # p
[ 20.5078125 [ 5 0 ] [ 201 138 ] [ 19 46 ] ] # q
[ 13.06347656 [ 6 0 ] [ 224 138 ] [ 12 46 ] ] # r
[ 18.68261719 [ 5 0 ] [ 240 138 ] [ 18 46 ] ] # s
[ 11.17675781 [ 4 0 ] [ 262 138 ] [ 11 46 ] ] # t
[ 20.5078125 [ 6 0 ] [ 277 138 ] [ 18 46 ] ] # u
[ 18.68261719 [ 4 0 ] [ 299 138 ] [ 19 46 ] ] # v
[ 26.12695312 [ 4 0 ] [ 322 138 ] [ 27 46 ] ] # w
[ 18.68261719 [ 5 0 ] [ 353 138 ] [ 18 46 ] ] # x
[ 18.68261719 [ 4 0 ] [ 375 138 ] [ 19 46 ] ] # y
[ 16.79589844 [ 5 0 ] [ 398 138 ] [ 16 46 ] ] # z
[ 13.06347656 [ 6 0 ] [ 418 138 ] [ 11 46 ] ] # {
[ 9.392578125 [ 7 0 ] [ 433 138 ] [ 5 46 ] ] # |
[ 13.06347656 [ 5 0 ] [ 442 138 ] [ 12 46 ] ] # }
[ 19.60546875 [ 6 0 ] [ 458 138 ] [ 17 46 ] ] # ~
[ 13.07783203 [ 0 0 ] [ 479 138 ] [ 0 46 ] ] # 
