[ 2.0 [ 0 0 ] [ 2 0 ] [ 0 16 ] ] #  
[ 4.0 [ 6 0 ] [ 6 0 ] [ 2 16 ] ] # !
[ 11.0 [ 4 0 ] [ 12 0 ] [ 9 16 ] ] # "
[ 9.0 [ 4 0 ] [ 25 0 ] [ 7 16 ] ] # #
[ 9.0 [ 4 0 ] [ 36 0 ] [ 7 16 ] ] # $
[ 11.0 [ 5 0 ] [ 47 0 ] [ 9 16 ] ] # %
[ 12.0 [ 4 0 ] [ 60 0 ] [ 10 16 ] ] # &
[ 7.0 [ 5 0 ] [ 74 0 ] [ 5 16 ] ] # '
[ 5.0 [ 5 0 ] [ 83 0 ] [ 3 16 ] ] # (
[ 6.0 [ 4 0 ] [ 90 0 ] [ 4 16 ] ] # )
[ 7.0 [ 5 0 ] [ 98 0 ] [ 5 16 ] ] # *
[ 9.0 [ 4 0 ] [ 107 0 ] [ 7 16 ] ] # +
[ 4.0 [ 5 0 ] [ 118 0 ] [ 2 16 ] ] # ,
[ 9.0 [ 4 0 ] [ 2 16 ] [ 7 16 ] ] # -
[ 4.0 [ 5 0 ] [ 13 16 ] [ 2 16 ] ] # .
[ 6.0 [ 4 0 ] [ 19 16 ] [ 4 16 ] ] # /
[ 8.0 [ 4 0 ] [ 27 16 ] [ 6 16 ] ] # 0
[ 6.0 [ 5 0 ] [ 37 16 ] [ 4 16 ] ] # 1
[ 8.0 [ 4 0 ] [ 45 16 ] [ 6 16 ] ] # 2
[ 8.0 [ 4 0 ] [ 55 16 ] [ 6 16 ] ] # 3
[ 8.0 [ 4 0 ] [ 65 16 ] [ 6 16 ] ] # 4
[ 8.0 [ 4 0 ] [ 75 16 ] [ 6 16 ] ] # 5
[ 8.0 [ 4 0 ] [ 85 16 ] [ 6 16 ] ] # 6
[ 8.0 [ 4 0 ] [ 95 16 ] [ 6 16 ] ] # 7
[ 7.0 [ 5 0 ] [ 105 16 ] [ 5 16 ] ] # 8
[ 8.0 [ 4 0 ] [ 114 16 ] [ 6 16 ] ] # 9
[ 4.0 [ 5 0 ] [ 124 16 ] [ 2 16 ] ] # :
[ 4.0 [ 5 0 ] [ 2 32 ] [ 2 16 ] ] # ;
[ 9.0 [ 4 0 ] [ 8 32 ] [ 7 16 ] ] # <
[ 9.0 [ 4 0 ] [ 19 32 ] [ 7 16 ] ] # =
[ 9.0 [ 4 0 ] [ 30 32 ] [ 7 16 ] ] # >
[ 7.0 [ 5 0 ] [ 41 32 ] [ 5 16 ] ] # ?
[ 9.0 [ 4 0 ] [ 50 32 ] [ 7 16 ] ] # @
[ 11.0 [ 4 0 ] [ 61 32 ] [ 9 16 ] ] # A
[ 10.0 [ 4 0 ] [ 74 32 ] [ 8 16 ] ] # B
[ 11.0 [ 4 0 ] [ 86 32 ] [ 9 16 ] ] # C
[ 10.0 [ 4 0 ] [ 99 32 ] [ 8 16 ] ] # D
[ 10.0 [ 4 0 ] [ 111 32 ] [ 8 16 ] ] # E
[ 12.0 [ 4 0 ] [ 2 48 ] [ 10 16 ] ] # F
[ 10.0 [ 4 0 ] [ 16 48 ] [ 8 16 ] ] # G
[ 12.0 [ 4 0 ] [ 28 48 ] [ 10 16 ] ] # H
[ 7.0 [ 4 0 ] [ 42 48 ] [ 5 16 ] ] # I
[ 10.0 [ 4 0 ] [ 51 48 ] [ 8 16 ] ] # J
[ 11.0 [ 4 0 ] [ 63 48 ] [ 9 16 ] ] # K
[ 11.0 [ 4 0 ] [ 76 48 ] [ 9 16 ] ] # L
[ 13.0 [ 4 0 ] [ 89 48 ] [ 11 16 ] ] # M
[ 11.0 [ 4 0 ] [ 104 48 ] [ 9 16 ] ] # N
[ 10.0 [ 5 0 ] [ 117 48 ] [ 8 16 ] ] # O
[ 12.0 [ 4 0 ] [ 2 64 ] [ 10 16 ] ] # P
[ 10.0 [ 5 0 ] [ 16 64 ] [ 8 16 ] ] # Q
[ 10.0 [ 4 0 ] [ 28 64 ] [ 8 16 ] ] # R
[ 10.0 [ 4 0 ] [ 40 64 ] [ 8 16 ] ] # S
[ 10.0 [ 4 0 ] [ 52 64 ] [ 8 16 ] ] # T
[ 11.0 [ 4 0 ] [ 64 64 ] [ 9 16 ] ] # U
[ 8.0 [ 4 0 ] [ 77 64 ] [ 6 16 ] ] # V
[ 12.0 [ 4 0 ] [ 87 64 ] [ 10 16 ] ] # W
[ 10.0 [ 4 0 ] [ 101 64 ] [ 8 16 ] ] # X
[ 12.0 [ 4 0 ] [ 113 64 ] [ 10 16 ] ] # Y
[ 9.0 [ 5 0 ] [ 2 80 ] [ 7 16 ] ] # Z
[ 5.0 [ 5 0 ] [ 13 80 ] [ 3 16 ] ] # [
[ 9.0 [ 6 0 ] [ 20 80 ] [ 7 16 ] ] # \
[ 6.0 [ 4 0 ] [ 31 80 ] [ 4 16 ] ] # ]
[ 11.0 [ 4 0 ] [ 39 80 ] [ 9 16 ] ] # ^
[ 9.0 [ 4 0 ] [ 52 80 ] [ 7 16 ] ] # _
[ 2.0 [ 0 0 ] [ 63 80 ] [ 0 16 ] ] # `
[ 9.0 [ 5 0 ] [ 67 80 ] [ 7 16 ] ] # a
[ 8.0 [ 5 0 ] [ 78 80 ] [ 6 16 ] ] # b
[ 9.0 [ 4 0 ] [ 88 80 ] [ 7 16 ] ] # c
[ 8.0 [ 5 0 ] [ 99 80 ] [ 6 16 ] ] # d
[ 8.0 [ 4 0 ] [ 109 80 ] [ 6 16 ] ] # e
[ 9.0 [ 4 0 ] [ 119 80 ] [ 7 16 ] ] # f
[ 9.0 [ 4 0 ] [ 2 96 ] [ 7 16 ] ] # g
[ 9.0 [ 4 0 ] [ 13 96 ] [ 7 16 ] ] # h
[ 6.0 [ 4 0 ] [ 24 96 ] [ 4 16 ] ] # i
[ 10.0 [ 4 0 ] [ 32 96 ] [ 8 16 ] ] # j
[ 9.0 [ 4 0 ] [ 44 96 ] [ 7 16 ] ] # k
[ 9.0 [ 4 0 ] [ 55 96 ] [ 7 16 ] ] # l
[ 10.0 [ 4 0 ] [ 66 96 ] [ 8 16 ] ] # m
[ 8.0 [ 4 0 ] [ 78 96 ] [ 6 16 ] ] # n
[ 9.0 [ 4 0 ] [ 88 96 ] [ 7 16 ] ] # o
[ 9.0 [ 4 0 ] [ 99 96 ] [ 7 16 ] ] # p
[ 8.0 [ 5 0 ] [ 110 96 ] [ 6 16 ] ] # q
[ 8.0 [ 5 0 ] [ 120 96 ] [ 6 16 ] ] # r
[ 10.0 [ 4 0 ] [ 2 112 ] [ 8 16 ] ] # s
[ 8.0 [ 4 0 ] [ 14 112 ] [ 6 16 ] ] # t
[ 9.0 [ 4 0 ] [ 24 112 ] [ 7 16 ] ] # u
[ 11.0 [ 4 0 ] [ 35 112 ] [ 9 16 ] ] # v
[ 11.0 [ 4 0 ] [ 48 112 ] [ 9 16 ] ] # w
[ 8.0 [ 4 0 ] [ 61 112 ] [ 6 16 ] ] # x
[ 11.0 [ 4 0 ] [ 71 112 ] [ 9 16 ] ] # y
[ 7.0 [ 5 0 ] [ 84 112 ] [ 5 16 ] ] # z
[ 7.0 [ 5 0 ] [ 93 112 ] [ 5 16 ] ] # {
[ 3.0 [ 5 0 ] [ 102 112 ] [ 1 16 ] ] # |
[ 7.0 [ 5 0 ] [ 107 112 ] [ 5 16 ] ] # }
[ 9.0 [ 4 0 ] [ 116 112 ] [ 7 16 ] ] # ~
[ 2.0 [ 0 0 ] [ 2 128 ] [ 0 16 ] ] # 
[ 2.0 [ 0 0 ] [ 6 128 ] [ 0 16 ] ] # Ä
[ 2.0 [ 0 0 ] [ 10 128 ] [ 0 16 ] ] # Å
[ 2.0 [ 0 0 ] [ 14 128 ] [ 0 16 ] ] # Ç
[ 2.0 [ 0 0 ] [ 18 128 ] [ 0 16 ] ] # É
[ 2.0 [ 0 0 ] [ 22 128 ] [ 0 16 ] ] # Ñ
[ 2.0 [ 0 0 ] [ 26 128 ] [ 0 16 ] ] # Ö
[ 2.0 [ 0 0 ] [ 30 128 ] [ 0 16 ] ] # Ü
[ 2.0 [ 0 0 ] [ 34 128 ] [ 0 16 ] ] # á
[ 2.0 [ 0 0 ] [ 38 128 ] [ 0 16 ] ] # à
[ 2.0 [ 0 0 ] [ 42 128 ] [ 0 16 ] ] # â
[ 2.0 [ 0 0 ] [ 46 128 ] [ 0 16 ] ] # ä
[ 2.0 [ 0 0 ] [ 50 128 ] [ 0 16 ] ] # ã
[ 2.0 [ 0 0 ] [ 54 128 ] [ 0 16 ] ] # å
[ 2.0 [ 0 0 ] [ 58 128 ] [ 0 16 ] ] # ç
[ 2.0 [ 0 0 ] [ 62 128 ] [ 0 16 ] ] # é
[ 2.0 [ 0 0 ] [ 66 128 ] [ 0 16 ] ] # è
[ 2.0 [ 0 0 ] [ 70 128 ] [ 0 16 ] ] # ê
[ 2.0 [ 0 0 ] [ 74 128 ] [ 0 16 ] ] # ë
[ 2.0 [ 0 0 ] [ 78 128 ] [ 0 16 ] ] # í
[ 2.0 [ 0 0 ] [ 82 128 ] [ 0 16 ] ] # ì
[ 2.0 [ 0 0 ] [ 86 128 ] [ 0 16 ] ] # î
[ 2.0 [ 0 0 ] [ 90 128 ] [ 0 16 ] ] # ï
[ 2.0 [ 0 0 ] [ 94 128 ] [ 0 16 ] ] # ñ
[ 2.0 [ 0 0 ] [ 98 128 ] [ 0 16 ] ] # ó
[ 2.0 [ 0 0 ] [ 102 128 ] [ 0 16 ] ] # ò
[ 2.0 [ 0 0 ] [ 106 128 ] [ 0 16 ] ] # ô
[ 2.0 [ 0 0 ] [ 110 128 ] [ 0 16 ] ] # ö
[ 2.0 [ 0 0 ] [ 114 128 ] [ 0 16 ] ] # õ
[ 2.0 [ 0 0 ] [ 118 128 ] [ 0 16 ] ] # ú
[ 2.0 [ 0 0 ] [ 122 128 ] [ 0 16 ] ] # ù
[ 2.0 [ 0 0 ] [ 126 128 ] [ 0 16 ] ] # û
[ 2.0 [ 0 0 ] [ 2 144 ] [ 0 16 ] ] # ü
[ 10.0 [ 5 0 ] [ 6 144 ] [ 8 16 ] ] # †
[ 10.0 [ 4 0 ] [ 18 144 ] [ 8 16 ] ] # °
[ 6.0 [ 4 0 ] [ 30 144 ] [ 4 16 ] ] # ¢
[ 9.0 [ 4 0 ] [ 38 144 ] [ 7 16 ] ] # £
[ 9.0 [ 2 0 ] [ 49 144 ] [ 7 16 ] ] # §
[ 11.0 [ 4 0 ] [ 60 144 ] [ 9 16 ] ] # •
[ 9.0 [ 4 0 ] [ 73 144 ] [ 7 16 ] ] # ¶
[ 10.0 [ 5 0 ] [ 84 144 ] [ 8 16 ] ] # ß
[ 8.0 [ 6 0 ] [ 96 144 ] [ 6 16 ] ] # ®
[ 9.0 [ 5 0 ] [ 106 144 ] [ 7 16 ] ] # ©
[ 9.0 [ 5 0 ] [ 117 144 ] [ 7 16 ] ] # ™
[ 14.0 [ 4 0 ] [ 2 160 ] [ 12 16 ] ] # ´
[ 14.0 [ 4 0 ] [ 18 160 ] [ 12 16 ] ] # ¨
[ 9.0 [ 5 0 ] [ 34 160 ] [ 7 16 ] ] # ≠
[ 13.0 [ 5 0 ] [ 45 160 ] [ 11 16 ] ] # Æ
[ 9.0 [ 5 0 ] [ 60 160 ] [ 7 16 ] ] # Ø
[ 6.0 [ 5 0 ] [ 71 160 ] [ 4 16 ] ] # ∞
[ 9.0 [ 4 0 ] [ 79 160 ] [ 7 16 ] ] # ±
[ 8.0 [ 4 0 ] [ 90 160 ] [ 6 16 ] ] # ≤
[ 9.0 [ 4 0 ] [ 100 160 ] [ 7 16 ] ] # ≥
[ 9.0 [ 4 0 ] [ 111 160 ] [ 7 16 ] ] # ¥
[ 10.0 [ 4 0 ] [ 2 176 ] [ 8 16 ] ] # µ
[ 8.0 [ 4 0 ] [ 14 176 ] [ 6 16 ] ] # ∂
[ 7.0 [ 5 0 ] [ 24 176 ] [ 5 16 ] ] # ∑
[ 9.0 [ 4 0 ] [ 33 176 ] [ 7 16 ] ] # ∏
[ 9.0 [ 4 0 ] [ 44 176 ] [ 7 16 ] ] # π
[ 9.0 [ 4 0 ] [ 55 176 ] [ 7 16 ] ] # ∫
[ 9.0 [ 4 0 ] [ 66 176 ] [ 7 16 ] ] # ª
[ 12.0 [ 5 0 ] [ 77 176 ] [ 10 16 ] ] # º
[ 4.0 [ 7 0 ] [ 91 176 ] [ 2 16 ] ] # Ω
[ 15.0 [ 3 0 ] [ 97 176 ] [ 13 16 ] ] # æ
[ 10.0 [ 4 0 ] [ 114 176 ] [ 8 16 ] ] # ø
[ 9.0 [ 6 0 ] [ 2 192 ] [ 7 16 ] ] # ¿
[ 10.0 [ 4 0 ] [ 13 192 ] [ 8 16 ] ] # ¡
[ 12.0 [ 4 0 ] [ 25 192 ] [ 10 16 ] ] # ¬
[ 11.0 [ 6 0 ] [ 39 192 ] [ 9 16 ] ] # √
[ 11.0 [ 5 0 ] [ 52 192 ] [ 9 16 ] ] # ƒ
[ 12.0 [ 4 0 ] [ 65 192 ] [ 10 16 ] ] # ≈
[ 11.0 [ 5 0 ] [ 79 192 ] [ 9 16 ] ] # ∆
[ 12.0 [ 4 0 ] [ 92 192 ] [ 10 16 ] ] # «
[ 12.0 [ 4 0 ] [ 106 192 ] [ 10 16 ] ] # »
[ 11.0 [ 4 0 ] [ 2 208 ] [ 9 16 ] ] # …
[ 11.0 [ 4 0 ] [ 15 208 ] [ 9 16 ] ] #  
[ 11.0 [ 4 0 ] [ 28 208 ] [ 9 16 ] ] # À
[ 11.0 [ 4 0 ] [ 41 208 ] [ 9 16 ] ] # Ã
[ 11.0 [ 4 0 ] [ 54 208 ] [ 9 16 ] ] # Õ
[ 8.0 [ 5 0 ] [ 67 208 ] [ 6 16 ] ] # Œ
[ 8.0 [ 5 0 ] [ 77 208 ] [ 6 16 ] ] # œ
[ 12.0 [ 4 0 ] [ 87 208 ] [ 10 16 ] ] # –
[ 11.0 [ 4 0 ] [ 101 208 ] [ 9 16 ] ] # —
[ 11.0 [ 5 0 ] [ 114 208 ] [ 9 16 ] ] # “
[ 11.0 [ 5 0 ] [ 2 224 ] [ 9 16 ] ] # ”
[ 13.0 [ 4 0 ] [ 15 224 ] [ 11 16 ] ] # ‘
[ 12.0 [ 4 0 ] [ 30 224 ] [ 10 16 ] ] # ’
[ 9.0 [ 4 0 ] [ 44 224 ] [ 7 16 ] ] # ÷
[ 4.0 [ 5 0 ] [ 55 224 ] [ 2 16 ] ] # ◊
[ 11.0 [ 4 0 ] [ 61 224 ] [ 9 16 ] ] # ÿ
[ 10.0 [ 4 0 ] [ 74 224 ] [ 8 16 ] ] # Ÿ
[ 10.0 [ 4 0 ] [ 86 224 ] [ 8 16 ] ] # ⁄
[ 14.0 [ 4 0 ] [ 98 224 ] [ 12 16 ] ] # €
[ 14.0 [ 4 0 ] [ 114 224 ] [ 12 16 ] ] # ‹
[ 10.0 [ 4 0 ] [ 2 240 ] [ 8 16 ] ] # ›
[ 13.0 [ 5 0 ] [ 14 240 ] [ 11 16 ] ] # ﬁ
[ 9.0 [ 5 0 ] [ 29 240 ] [ 7 16 ] ] # ﬂ
[ 8.0 [ 4 0 ] [ 40 240 ] [ 6 16 ] ] # ‡
[ 6.0 [ 4 0 ] [ 50 240 ] [ 4 16 ] ] # ·
[ 11.0 [ 5 0 ] [ 58 240 ] [ 9 16 ] ] # ‚
[ 11.0 [ 5 0 ] [ 71 240 ] [ 9 16 ] ] # „
[ 11.0 [ 4 0 ] [ 84 240 ] [ 9 16 ] ] # ‰
[ 11.0 [ 4 0 ] [ 97 240 ] [ 9 16 ] ] # Â
[ 7.0 [ 4 0 ] [ 110 240 ] [ 5 16 ] ] # Ê
[ 4.0 [ 4 0 ] [ 119 240 ] [ 2 16 ] ] # Á
[ 8.0 [ 4 0 ] [ 2 256 ] [ 6 16 ] ] # Ë
[ 3.0 [ 4 0 ] [ 12 256 ] [ 1 16 ] ] # È
[ 3.0 [ 4 0 ] [ 17 256 ] [ 1 16 ] ] # Í
[ 7.0 [ 4 0 ] [ 22 256 ] [ 5 16 ] ] # Î
[ 4.0 [ 6 0 ] [ 31 256 ] [ 2 16 ] ] # Ï
[ 6.0 [ 4 0 ] [ 37 256 ] [ 4 16 ] ] # Ì
[ 6.0 [ 6 0 ] [ 45 256 ] [ 4 16 ] ] # Ó
[ 4.0 [ 6 0 ] [ 53 256 ] [ 2 16 ] ] # Ô
[ 2.0 [ 0 0 ] [ 59 256 ] [ 0 16 ] ] # 
[ 6.0 [ 4 0 ] [ 63 256 ] [ 4 16 ] ] # Ò
[ 5.0 [ 4 0 ] [ 71 256 ] [ 3 16 ] ] # Ú
[ 7.0 [ 8 0 ] [ 78 256 ] [ 5 16 ] ] # Û
[ 4.0 [ 8 0 ] [ 87 256 ] [ 2 16 ] ] # Ù
[ 8.0 [ 4 0 ] [ 93 256 ] [ 6 16 ] ] # ı
[ 6.0 [ 6 0 ] [ 103 256 ] [ 4 16 ] ] # ˆ
[ 3.0 [ 9 0 ] [ 111 256 ] [ 1 16 ] ] # ˜
[ 7.0 [ 5 0 ] [ 116 256 ] [ 5 16 ] ] # ¯
[ 3.0 [ 8 0 ] [ 125 256 ] [ 1 16 ] ] # ˘
[ 3.0 [ 8 0 ] [ 2 272 ] [ 1 16 ] ] # ˙
[ 7.0 [ 4 0 ] [ 7 272 ] [ 5 16 ] ] # ˚
[ 4.0 [ 6 0 ] [ 16 272 ] [ 2 16 ] ] # ¸
[ 6.0 [ 6 0 ] [ 22 272 ] [ 4 16 ] ] # ˝
[ 6.0 [ 4 0 ] [ 30 272 ] [ 4 16 ] ] # ˛
[ 2.0 [ 0 0 ] [ 38 272 ] [ 0 16 ] ] # ˇ
