[ 2.0 [ 0 0 ] [ 2 0 ] [ 0 40 ] ] #  
[ 6.0 [ 9 0 ] [ 6 0 ] [ 4 40 ] ] # !
[ 26.0 [ 5 0 ] [ 14 0 ] [ 24 40 ] ] # "
[ 19.0 [ 5 0 ] [ 42 0 ] [ 17 40 ] ] # #
[ 19.0 [ 5 0 ] [ 63 0 ] [ 17 40 ] ] # $
[ 29.0 [ 6 0 ] [ 84 0 ] [ 27 40 ] ] # %
[ 28.0 [ 6 0 ] [ 115 0 ] [ 26 40 ] ] # &
[ 16.0 [ 6 0 ] [ 145 0 ] [ 14 40 ] ] # '
[ 12.0 [ 6 0 ] [ 163 0 ] [ 10 40 ] ] # (
[ 12.0 [ 5 0 ] [ 177 0 ] [ 10 40 ] ] # )
[ 16.0 [ 6 0 ] [ 191 0 ] [ 14 40 ] ] # *
[ 22.0 [ 4 0 ] [ 209 0 ] [ 20 40 ] ] # +
[ 8.0 [ 6 0 ] [ 233 0 ] [ 6 40 ] ] # ,
[ 22.0 [ 4 0 ] [ 243 0 ] [ 20 40 ] ] # -
[ 7.0 [ 6 0 ] [ 267 0 ] [ 5 40 ] ] # .
[ 12.0 [ 4 0 ] [ 276 0 ] [ 10 40 ] ] # /
[ 19.0 [ 5 0 ] [ 290 0 ] [ 17 40 ] ] # 0
[ 13.0 [ 8 0 ] [ 311 0 ] [ 11 40 ] ] # 1
[ 19.0 [ 5 0 ] [ 326 0 ] [ 17 40 ] ] # 2
[ 17.0 [ 5 0 ] [ 347 0 ] [ 15 40 ] ] # 3
[ 19.0 [ 5 0 ] [ 366 0 ] [ 17 40 ] ] # 4
[ 18.0 [ 5 0 ] [ 387 0 ] [ 16 40 ] ] # 5
[ 19.0 [ 5 0 ] [ 407 0 ] [ 17 40 ] ] # 6
[ 18.0 [ 5 0 ] [ 428 0 ] [ 16 40 ] ] # 7
[ 17.0 [ 6 0 ] [ 448 0 ] [ 15 40 ] ] # 8
[ 18.0 [ 5 0 ] [ 467 0 ] [ 16 40 ] ] # 9
[ 7.0 [ 7 0 ] [ 487 0 ] [ 5 40 ] ] # :
[ 8.0 [ 7 0 ] [ 496 0 ] [ 6 40 ] ] # ;
[ 21.0 [ 5 0 ] [ 2 40 ] [ 19 40 ] ] # <
[ 22.0 [ 4 0 ] [ 25 40 ] [ 20 40 ] ] # =
[ 21.0 [ 5 0 ] [ 49 40 ] [ 19 40 ] ] # >
[ 15.0 [ 7 0 ] [ 72 40 ] [ 13 40 ] ] # ?
[ 22.0 [ 4 0 ] [ 89 40 ] [ 20 40 ] ] # @
[ 27.0 [ 4 0 ] [ 113 40 ] [ 25 40 ] ] # A
[ 23.0 [ 5 0 ] [ 142 40 ] [ 21 40 ] ] # B
[ 28.0 [ 4 0 ] [ 167 40 ] [ 26 40 ] ] # C
[ 25.0 [ 4 0 ] [ 197 40 ] [ 23 40 ] ] # D
[ 24.0 [ 5 0 ] [ 224 40 ] [ 22 40 ] ] # E
[ 28.0 [ 5 0 ] [ 250 40 ] [ 26 40 ] ] # F
[ 24.0 [ 5 0 ] [ 280 40 ] [ 22 40 ] ] # G
[ 28.0 [ 5 0 ] [ 306 40 ] [ 26 40 ] ] # H
[ 13.0 [ 5 0 ] [ 336 40 ] [ 11 40 ] ] # I
[ 24.0 [ 5 0 ] [ 351 40 ] [ 22 40 ] ] # J
[ 28.0 [ 5 0 ] [ 377 40 ] [ 26 40 ] ] # K
[ 27.0 [ 4 0 ] [ 407 40 ] [ 25 40 ] ] # L
[ 34.0 [ 5 0 ] [ 436 40 ] [ 32 40 ] ] # M
[ 28.0 [ 5 0 ] [ 472 40 ] [ 26 40 ] ] # N
[ 27.0 [ 6 0 ] [ 2 80 ] [ 25 40 ] ] # O
[ 29.0 [ 5 0 ] [ 31 80 ] [ 27 40 ] ] # P
[ 27.0 [ 6 0 ] [ 62 80 ] [ 25 40 ] ] # Q
[ 22.0 [ 5 0 ] [ 91 80 ] [ 20 40 ] ] # R
[ 24.0 [ 4 0 ] [ 115 80 ] [ 22 40 ] ] # S
[ 24.0 [ 5 0 ] [ 141 80 ] [ 22 40 ] ] # T
[ 28.0 [ 4 0 ] [ 167 80 ] [ 26 40 ] ] # U
[ 18.0 [ 5 0 ] [ 197 80 ] [ 16 40 ] ] # V
[ 28.0 [ 5 0 ] [ 217 80 ] [ 26 40 ] ] # W
[ 23.0 [ 5 0 ] [ 247 80 ] [ 21 40 ] ] # X
[ 30.0 [ 5 0 ] [ 272 80 ] [ 28 40 ] ] # Y
[ 24.0 [ 6 0 ] [ 304 80 ] [ 22 40 ] ] # Z
[ 11.0 [ 7 0 ] [ 330 80 ] [ 9 40 ] ] # [
[ 22.0 [ 10 0 ] [ 343 80 ] [ 20 40 ] ] # \
[ 11.0 [ 5 0 ] [ 367 80 ] [ 9 40 ] ] # ]
[ 25.0 [ 5 0 ] [ 380 80 ] [ 23 40 ] ] # ^
[ 21.0 [ 4 0 ] [ 407 80 ] [ 19 40 ] ] # _
[ 2.0 [ 0 0 ] [ 430 80 ] [ 0 40 ] ] # `
[ 24.0 [ 5 0 ] [ 434 80 ] [ 22 40 ] ] # a
[ 19.0 [ 6 0 ] [ 460 80 ] [ 17 40 ] ] # b
[ 22.0 [ 4 0 ] [ 481 80 ] [ 20 40 ] ] # c
[ 19.0 [ 5 0 ] [ 2 120 ] [ 17 40 ] ] # d
[ 17.0 [ 5 0 ] [ 23 120 ] [ 15 40 ] ] # e
[ 19.0 [ 5 0 ] [ 42 120 ] [ 17 40 ] ] # f
[ 20.0 [ 4 0 ] [ 63 120 ] [ 18 40 ] ] # g
[ 22.0 [ 4 0 ] [ 85 120 ] [ 20 40 ] ] # h
[ 14.0 [ 4 0 ] [ 109 120 ] [ 12 40 ] ] # i
[ 23.0 [ 5 0 ] [ 125 120 ] [ 21 40 ] ] # j
[ 22.0 [ 5 0 ] [ 150 120 ] [ 20 40 ] ] # k
[ 22.0 [ 5 0 ] [ 174 120 ] [ 20 40 ] ] # l
[ 22.0 [ 5 0 ] [ 198 120 ] [ 20 40 ] ] # m
[ 20.0 [ 4 0 ] [ 222 120 ] [ 18 40 ] ] # n
[ 20.0 [ 5 0 ] [ 244 120 ] [ 18 40 ] ] # o
[ 22.0 [ 4 0 ] [ 266 120 ] [ 20 40 ] ] # p
[ 18.0 [ 6 0 ] [ 290 120 ] [ 16 40 ] ] # q
[ 18.0 [ 6 0 ] [ 310 120 ] [ 16 40 ] ] # r
[ 23.0 [ 5 0 ] [ 330 120 ] [ 21 40 ] ] # s
[ 18.0 [ 4 0 ] [ 355 120 ] [ 16 40 ] ] # t
[ 22.0 [ 4 0 ] [ 375 120 ] [ 20 40 ] ] # u
[ 27.0 [ 4 0 ] [ 399 120 ] [ 25 40 ] ] # v
[ 26.0 [ 5 0 ] [ 428 120 ] [ 24 40 ] ] # w
[ 19.0 [ 5 0 ] [ 456 120 ] [ 17 40 ] ] # x
[ 28.0 [ 4 0 ] [ 477 120 ] [ 26 40 ] ] # y
[ 18.0 [ 6 0 ] [ 2 160 ] [ 16 40 ] ] # z
[ 15.0 [ 6 0 ] [ 22 160 ] [ 13 40 ] ] # {
[ 6.0 [ 6 0 ] [ 39 160 ] [ 4 40 ] ] # |
[ 15.0 [ 7 0 ] [ 47 160 ] [ 13 40 ] ] # }
[ 21.0 [ 5 0 ] [ 64 160 ] [ 19 40 ] ] # ~
[ 2.0 [ 0 0 ] [ 87 160 ] [ 0 40 ] ] # 
[ 2.0 [ 0 0 ] [ 91 160 ] [ 0 40 ] ] # Ä
[ 2.0 [ 0 0 ] [ 95 160 ] [ 0 40 ] ] # Å
[ 2.0 [ 0 0 ] [ 99 160 ] [ 0 40 ] ] # Ç
[ 2.0 [ 0 0 ] [ 103 160 ] [ 0 40 ] ] # É
[ 2.0 [ 0 0 ] [ 107 160 ] [ 0 40 ] ] # Ñ
[ 2.0 [ 0 0 ] [ 111 160 ] [ 0 40 ] ] # Ö
[ 2.0 [ 0 0 ] [ 115 160 ] [ 0 40 ] ] # Ü
[ 2.0 [ 0 0 ] [ 119 160 ] [ 0 40 ] ] # á
[ 2.0 [ 0 0 ] [ 123 160 ] [ 0 40 ] ] # à
[ 2.0 [ 0 0 ] [ 127 160 ] [ 0 40 ] ] # â
[ 2.0 [ 0 0 ] [ 131 160 ] [ 0 40 ] ] # ä
[ 2.0 [ 0 0 ] [ 135 160 ] [ 0 40 ] ] # ã
[ 2.0 [ 0 0 ] [ 139 160 ] [ 0 40 ] ] # å
[ 2.0 [ 0 0 ] [ 143 160 ] [ 0 40 ] ] # ç
[ 2.0 [ 0 0 ] [ 147 160 ] [ 0 40 ] ] # é
[ 2.0 [ 0 0 ] [ 151 160 ] [ 0 40 ] ] # è
[ 2.0 [ 0 0 ] [ 155 160 ] [ 0 40 ] ] # ê
[ 2.0 [ 0 0 ] [ 159 160 ] [ 0 40 ] ] # ë
[ 2.0 [ 0 0 ] [ 163 160 ] [ 0 40 ] ] # í
[ 2.0 [ 0 0 ] [ 167 160 ] [ 0 40 ] ] # ì
[ 2.0 [ 0 0 ] [ 171 160 ] [ 0 40 ] ] # î
[ 2.0 [ 0 0 ] [ 175 160 ] [ 0 40 ] ] # ï
[ 2.0 [ 0 0 ] [ 179 160 ] [ 0 40 ] ] # ñ
[ 2.0 [ 0 0 ] [ 183 160 ] [ 0 40 ] ] # ó
[ 2.0 [ 0 0 ] [ 187 160 ] [ 0 40 ] ] # ò
[ 2.0 [ 0 0 ] [ 191 160 ] [ 0 40 ] ] # ô
[ 2.0 [ 0 0 ] [ 195 160 ] [ 0 40 ] ] # ö
[ 2.0 [ 0 0 ] [ 199 160 ] [ 0 40 ] ] # õ
[ 2.0 [ 0 0 ] [ 203 160 ] [ 0 40 ] ] # ú
[ 2.0 [ 0 0 ] [ 207 160 ] [ 0 40 ] ] # ù
[ 2.0 [ 0 0 ] [ 211 160 ] [ 0 40 ] ] # û
[ 2.0 [ 0 0 ] [ 215 160 ] [ 0 40 ] ] # ü
[ 27.0 [ 6 0 ] [ 219 160 ] [ 25 40 ] ] # †
[ 25.0 [ 4 0 ] [ 248 160 ] [ 23 40 ] ] # °
[ 10.0 [ 5 0 ] [ 275 160 ] [ 8 40 ] ] # ¢
[ 21.0 [ 5 0 ] [ 287 160 ] [ 19 40 ] ] # £
[ 19.0 [ 0 0 ] [ 310 160 ] [ 17 40 ] ] # §
[ 27.0 [ 5 0 ] [ 331 160 ] [ 25 40 ] ] # •
[ 21.0 [ 4 0 ] [ 360 160 ] [ 19 40 ] ] # ¶
[ 24.0 [ 7 0 ] [ 383 160 ] [ 22 40 ] ] # ß
[ 19.0 [ 9 0 ] [ 409 160 ] [ 17 40 ] ] # ®
[ 22.0 [ 8 0 ] [ 430 160 ] [ 20 40 ] ] # ©
[ 21.0 [ 8 0 ] [ 454 160 ] [ 19 40 ] ] # ™
[ 39.0 [ 5 0 ] [ 2 200 ] [ 37 40 ] ] # ´
[ 36.0 [ 5 0 ] [ 43 200 ] [ 34 40 ] ] # ¨
[ 21.0 [ 6 0 ] [ 81 200 ] [ 19 40 ] ] # ≠
[ 35.0 [ 6 0 ] [ 104 200 ] [ 33 40 ] ] # Æ
[ 21.0 [ 6 0 ] [ 141 200 ] [ 19 40 ] ] # Ø
[ 13.0 [ 6 0 ] [ 164 200 ] [ 11 40 ] ] # ∞
[ 22.0 [ 4 0 ] [ 179 200 ] [ 20 40 ] ] # ±
[ 17.0 [ 5 0 ] [ 203 200 ] [ 15 40 ] ] # ≤
[ 21.0 [ 5 0 ] [ 222 200 ] [ 19 40 ] ] # ≥
[ 21.0 [ 5 0 ] [ 245 200 ] [ 19 40 ] ] # ¥
[ 25.0 [ 5 0 ] [ 268 200 ] [ 23 40 ] ] # µ
[ 18.0 [ 5 0 ] [ 295 200 ] [ 16 40 ] ] # ∂
[ 16.0 [ 6 0 ] [ 315 200 ] [ 14 40 ] ] # ∑
[ 22.0 [ 4 0 ] [ 333 200 ] [ 20 40 ] ] # ∏
[ 21.0 [ 5 0 ] [ 357 200 ] [ 19 40 ] ] # π
[ 21.0 [ 5 0 ] [ 380 200 ] [ 19 40 ] ] # ∫
[ 21.0 [ 5 0 ] [ 403 200 ] [ 19 40 ] ] # ª
[ 31.0 [ 8 0 ] [ 426 200 ] [ 29 40 ] ] # º
[ 5.0 [ 14 0 ] [ 459 200 ] [ 3 40 ] ] # Ω
[ 43.0 [ 2 0 ] [ 466 200 ] [ 41 40 ] ] # æ
[ 23.0 [ 5 0 ] [ 2 240 ] [ 21 40 ] ] # ø
[ 21.0 [ 10 0 ] [ 27 240 ] [ 19 40 ] ] # ¿
[ 24.0 [ 4 0 ] [ 50 240 ] [ 22 40 ] ] # ¡
[ 29.0 [ 5 0 ] [ 76 240 ] [ 27 40 ] ] # ¬
[ 28.0 [ 10 0 ] [ 107 240 ] [ 26 40 ] ] # √
[ 27.0 [ 6 0 ] [ 137 240 ] [ 25 40 ] ] # ƒ
[ 28.0 [ 5 0 ] [ 166 240 ] [ 26 40 ] ] # ≈
[ 30.0 [ 5 0 ] [ 196 240 ] [ 28 40 ] ] # ∆
[ 28.0 [ 5 0 ] [ 228 240 ] [ 26 40 ] ] # «
[ 28.0 [ 5 0 ] [ 258 240 ] [ 26 40 ] ] # »
[ 26.0 [ 5 0 ] [ 288 240 ] [ 24 40 ] ] # …
[ 26.0 [ 5 0 ] [ 316 240 ] [ 24 40 ] ] #  
[ 27.0 [ 5 0 ] [ 344 240 ] [ 25 40 ] ] # À
[ 27.0 [ 5 0 ] [ 373 240 ] [ 25 40 ] ] # Ã
[ 27.0 [ 5 0 ] [ 402 240 ] [ 25 40 ] ] # Õ
[ 19.0 [ 6 0 ] [ 431 240 ] [ 17 40 ] ] # Œ
[ 19.0 [ 6 0 ] [ 452 240 ] [ 17 40 ] ] # œ
[ 28.0 [ 5 0 ] [ 473 240 ] [ 26 40 ] ] # –
[ 26.0 [ 5 0 ] [ 2 280 ] [ 24 40 ] ] # —
[ 27.0 [ 6 0 ] [ 30 280 ] [ 25 40 ] ] # “
[ 27.0 [ 6 0 ] [ 59 280 ] [ 25 40 ] ] # ”
[ 33.0 [ 5 0 ] [ 88 280 ] [ 31 40 ] ] # ‘
[ 31.0 [ 5 0 ] [ 123 280 ] [ 29 40 ] ] # ’
[ 21.0 [ 4 0 ] [ 156 280 ] [ 19 40 ] ] # ÷
[ 7.0 [ 6 0 ] [ 179 280 ] [ 5 40 ] ] # ◊
[ 26.0 [ 5 0 ] [ 188 280 ] [ 24 40 ] ] # ÿ
[ 23.0 [ 5 0 ] [ 216 280 ] [ 21 40 ] ] # Ÿ
[ 23.0 [ 5 0 ] [ 241 280 ] [ 21 40 ] ] # ⁄
[ 39.0 [ 5 0 ] [ 266 280 ] [ 37 40 ] ] # €
[ 36.0 [ 5 0 ] [ 307 280 ] [ 34 40 ] ] # ‹
[ 22.0 [ 5 0 ] [ 345 280 ] [ 20 40 ] ] # ›
[ 35.0 [ 6 0 ] [ 369 280 ] [ 33 40 ] ] # ﬁ
[ 21.0 [ 6 0 ] [ 406 280 ] [ 19 40 ] ] # ﬂ
[ 19.0 [ 5 0 ] [ 429 280 ] [ 17 40 ] ] # ‡
[ 13.0 [ 5 0 ] [ 450 280 ] [ 11 40 ] ] # ·
[ 27.0 [ 6 0 ] [ 465 280 ] [ 25 40 ] ] # ‚
[ 27.0 [ 6 0 ] [ 2 320 ] [ 25 40 ] ] # „
[ 29.0 [ 4 0 ] [ 31 320 ] [ 27 40 ] ] # ‰
[ 27.0 [ 5 0 ] [ 62 320 ] [ 25 40 ] ] # Â
[ 12.0 [ 5 0 ] [ 91 320 ] [ 10 40 ] ] # Ê
[ 5.0 [ 5 0 ] [ 105 320 ] [ 3 40 ] ] # Á
[ 17.0 [ 5 0 ] [ 112 320 ] [ 15 40 ] ] # Ë
[ 5.0 [ 4 0 ] [ 131 320 ] [ 3 40 ] ] # È
[ 5.0 [ 4 0 ] [ 138 320 ] [ 3 40 ] ] # Í
[ 15.0 [ 4 0 ] [ 145 320 ] [ 13 40 ] ] # Î
[ 6.0 [ 11 0 ] [ 162 320 ] [ 4 40 ] ] # Ï
[ 11.0 [ 5 0 ] [ 170 320 ] [ 9 40 ] ] # Ì
[ 12.0 [ 11 0 ] [ 183 320 ] [ 10 40 ] ] # Ó
[ 5.0 [ 11 0 ] [ 197 320 ] [ 3 40 ] ] # Ô
[ 2.0 [ 0 0 ] [ 204 320 ] [ 0 40 ] ] # 
[ 13.0 [ 5 0 ] [ 208 320 ] [ 11 40 ] ] # Ò
[ 9.0 [ 4 0 ] [ 223 320 ] [ 7 40 ] ] # Ú
[ 15.0 [ 16 0 ] [ 234 320 ] [ 13 40 ] ] # Û
[ 6.0 [ 16 0 ] [ 251 320 ] [ 4 40 ] ] # Ù
[ 17.0 [ 5 0 ] [ 259 320 ] [ 15 40 ] ] # ı
[ 12.0 [ 11 0 ] [ 278 320 ] [ 10 40 ] ] # ˆ
[ 5.0 [ 18 0 ] [ 292 320 ] [ 3 40 ] ] # ˜
[ 16.0 [ 7 0 ] [ 299 320 ] [ 14 40 ] ] # ¯
[ 5.0 [ 15 0 ] [ 317 320 ] [ 3 40 ] ] # ˘
[ 5.0 [ 15 0 ] [ 324 320 ] [ 3 40 ] ] # ˙
[ 15.0 [ 5 0 ] [ 331 320 ] [ 13 40 ] ] # ˚
[ 5.0 [ 11 0 ] [ 348 320 ] [ 3 40 ] ] # ¸
[ 12.0 [ 11 0 ] [ 355 320 ] [ 10 40 ] ] # ˝
[ 11.0 [ 5 0 ] [ 369 320 ] [ 9 40 ] ] # ˛
[ 2.0 [ 0 0 ] [ 382 320 ] [ 0 40 ] ] # ˇ
