[ 5.450292969 [ 0 0 ] [ 2 0 ] [ 0 18 ] ] #  
[ 3.889648438 [ 6 0 ] [ 6 0 ] [ 2 18 ] ] # !
[ 4.969726562 [ 5 0 ] [ 12 0 ] [ 4 18 ] ] # "
[ 7.786132812 [ 4 0 ] [ 20 0 ] [ 8 18 ] ] # #
[ 7.786132812 [ 4 0 ] [ 32 0 ] [ 8 18 ] ] # $
[ 12.44824219 [ 4 0 ] [ 44 0 ] [ 13 18 ] ] # %
[ 9.337890625 [ 5 0 ] [ 61 0 ] [ 9 18 ] ] # &
[ 2.672851562 [ 5 0 ] [ 74 0 ] [ 2 18 ] ] # '
[ 4.662109375 [ 5 0 ] [ 80 0 ] [ 4 18 ] ] # (
[ 4.662109375 [ 5 0 ] [ 88 0 ] [ 3 18 ] ] # )
[ 5.448242188 [ 5 0 ] [ 95 0 ] [ 5 18 ] ] # *
[ 8.17578125 [ 5 0 ] [ 104 0 ] [ 7 18 ] ] # +
[ 3.889648438 [ 5 0 ] [ 115 0 ] [ 3 18 ] ] # ,
[ 4.662109375 [ 5 0 ] [ 122 0 ] [ 4 18 ] ] # -
[ 3.889648438 [ 5 0 ] [ 130 0 ] [ 2 18 ] ] # .
[ 3.889648438 [ 4 0 ] [ 136 0 ] [ 5 18 ] ] # /
[ 7.786132812 [ 5 0 ] [ 145 0 ] [ 7 18 ] ] # 0
[ 7.786132812 [ 5 0 ] [ 156 0 ] [ 5 18 ] ] # 1
[ 7.786132812 [ 4 0 ] [ 165 0 ] [ 8 18 ] ] # 2
[ 7.786132812 [ 4 0 ] [ 177 0 ] [ 8 18 ] ] # 3
[ 7.786132812 [ 4 0 ] [ 189 0 ] [ 8 18 ] ] # 4
[ 7.786132812 [ 5 0 ] [ 201 0 ] [ 7 18 ] ] # 5
[ 7.786132812 [ 5 0 ] [ 212 0 ] [ 7 18 ] ] # 6
[ 7.786132812 [ 5 0 ] [ 223 0 ] [ 7 18 ] ] # 7
[ 7.786132812 [ 4 0 ] [ 234 0 ] [ 8 18 ] ] # 8
[ 7.786132812 [ 4 0 ] [ 246 0 ] [ 8 18 ] ] # 9
[ 3.889648438 [ 6 0 ] [ 2 18 ] [ 2 18 ] ] # :
[ 3.889648438 [ 6 0 ] [ 8 18 ] [ 2 18 ] ] # ;
[ 8.17578125 [ 5 0 ] [ 14 18 ] [ 7 18 ] ] # <
[ 8.17578125 [ 5 0 ] [ 25 18 ] [ 7 18 ] ] # =
[ 8.17578125 [ 5 0 ] [ 36 18 ] [ 7 18 ] ] # >
[ 7.786132812 [ 5 0 ] [ 47 18 ] [ 7 18 ] ] # ?
[ 14.21191406 [ 4 0 ] [ 58 18 ] [ 14 18 ] ] # @
[ 9.337890625 [ 4 0 ] [ 76 18 ] [ 10 18 ] ] # A
[ 9.337890625 [ 5 0 ] [ 90 18 ] [ 9 18 ] ] # B
[ 10.11035156 [ 5 0 ] [ 103 18 ] [ 9 18 ] ] # C
[ 10.11035156 [ 5 0 ] [ 116 18 ] [ 9 18 ] ] # D
[ 9.337890625 [ 5 0 ] [ 129 18 ] [ 8 18 ] ] # E
[ 8.551757812 [ 5 0 ] [ 141 18 ] [ 8 18 ] ] # F
[ 10.88964844 [ 5 0 ] [ 153 18 ] [ 10 18 ] ] # G
[ 10.11035156 [ 5 0 ] [ 167 18 ] [ 9 18 ] ] # H
[ 3.889648438 [ 5 0 ] [ 180 18 ] [ 3 18 ] ] # I
[ 7.0 [ 4 0 ] [ 187 18 ] [ 7 18 ] ] # J
[ 9.337890625 [ 5 0 ] [ 198 18 ] [ 9 18 ] ] # K
[ 7.786132812 [ 5 0 ] [ 211 18 ] [ 7 18 ] ] # L
[ 11.66210938 [ 5 0 ] [ 222 18 ] [ 10 18 ] ] # M
[ 10.11035156 [ 5 0 ] [ 236 18 ] [ 9 18 ] ] # N
[ 10.88964844 [ 4 0 ] [ 2 36 ] [ 11 18 ] ] # O
[ 9.337890625 [ 5 0 ] [ 17 36 ] [ 8 18 ] ] # P
[ 10.88964844 [ 4 0 ] [ 29 36 ] [ 11 18 ] ] # Q
[ 10.11035156 [ 5 0 ] [ 44 36 ] [ 9 18 ] ] # R
[ 9.337890625 [ 5 0 ] [ 57 36 ] [ 9 18 ] ] # S
[ 8.551757812 [ 4 0 ] [ 70 36 ] [ 9 18 ] ] # T
[ 10.11035156 [ 5 0 ] [ 83 36 ] [ 9 18 ] ] # U
[ 9.337890625 [ 4 0 ] [ 96 36 ] [ 10 18 ] ] # V
[ 13.21386719 [ 4 0 ] [ 110 36 ] [ 14 18 ] ] # W
[ 9.337890625 [ 4 0 ] [ 128 36 ] [ 10 18 ] ] # X
[ 9.337890625 [ 4 0 ] [ 142 36 ] [ 10 18 ] ] # Y
[ 8.551757812 [ 4 0 ] [ 156 36 ] [ 9 18 ] ] # Z
[ 3.889648438 [ 5 0 ] [ 169 36 ] [ 3 18 ] ] # [
[ 3.889648438 [ 4 0 ] [ 176 36 ] [ 5 18 ] ] # \
[ 3.889648438 [ 4 0 ] [ 185 36 ] [ 4 18 ] ] # ]
[ 6.569335938 [ 5 0 ] [ 193 36 ] [ 6 18 ] ] # ^
[ 7.786132812 [ 4 0 ] [ 203 36 ] [ 9 18 ] ] # _
[ 4.662109375 [ 5 0 ] [ 216 36 ] [ 2 18 ] ] # `
[ 7.786132812 [ 5 0 ] [ 222 36 ] [ 7 18 ] ] # a
[ 7.786132812 [ 5 0 ] [ 233 36 ] [ 7 18 ] ] # b
[ 7.0 [ 4 0 ] [ 244 36 ] [ 7 18 ] ] # c
[ 7.786132812 [ 4 0 ] [ 2 54 ] [ 8 18 ] ] # d
[ 7.786132812 [ 5 0 ] [ 14 54 ] [ 7 18 ] ] # e
[ 3.889648438 [ 4 0 ] [ 25 54 ] [ 4 18 ] ] # f
[ 7.786132812 [ 4 0 ] [ 33 54 ] [ 8 18 ] ] # g
[ 7.786132812 [ 5 0 ] [ 45 54 ] [ 7 18 ] ] # h
[ 3.110351562 [ 5 0 ] [ 56 54 ] [ 2 18 ] ] # i
[ 3.110351562 [ 4 0 ] [ 62 54 ] [ 3 18 ] ] # j
[ 7.0 [ 5 0 ] [ 69 54 ] [ 7 18 ] ] # k
[ 3.110351562 [ 5 0 ] [ 80 54 ] [ 2 18 ] ] # l
[ 11.66210938 [ 5 0 ] [ 86 54 ] [ 10 18 ] ] # m
[ 7.786132812 [ 5 0 ] [ 100 54 ] [ 7 18 ] ] # n
[ 7.786132812 [ 5 0 ] [ 111 54 ] [ 7 18 ] ] # o
[ 7.786132812 [ 5 0 ] [ 122 54 ] [ 7 18 ] ] # p
[ 7.786132812 [ 4 0 ] [ 133 54 ] [ 8 18 ] ] # q
[ 4.662109375 [ 5 0 ] [ 145 54 ] [ 4 18 ] ] # r
[ 7.0 [ 4 0 ] [ 153 54 ] [ 7 18 ] ] # s
[ 3.889648438 [ 4 0 ] [ 164 54 ] [ 4 18 ] ] # t
[ 7.786132812 [ 5 0 ] [ 172 54 ] [ 7 18 ] ] # u
[ 7.0 [ 4 0 ] [ 183 54 ] [ 8 18 ] ] # v
[ 10.11035156 [ 4 0 ] [ 195 54 ] [ 11 18 ] ] # w
[ 7.0 [ 4 0 ] [ 210 54 ] [ 7 18 ] ] # x
[ 7.0 [ 4 0 ] [ 221 54 ] [ 7 18 ] ] # y
[ 7.0 [ 4 0 ] [ 232 54 ] [ 7 18 ] ] # z
[ 4.67578125 [ 5 0 ] [ 243 54 ] [ 4 18 ] ] # {
[ 3.63671875 [ 5 0 ] [ 251 54 ] [ 2 18 ] ] # |
[ 4.67578125 [ 4 0 ] [ 2 72 ] [ 4 18 ] ] # }
[ 8.17578125 [ 5 0 ] [ 10 72 ] [ 7 18 ] ] # ~
[ 5.450292969 [ 0 0 ] [ 21 72 ] [ 0 18 ] ] # 
