[ 2.0 [ 0 0 ] [ 2 0 ] [ 0 46 ] ] #  
[ 8.0 [ 9 0 ] [ 6 0 ] [ 6 46 ] ] # !
[ 30.0 [ 5 0 ] [ 16 0 ] [ 28 46 ] ] # "
[ 22.0 [ 5 0 ] [ 48 0 ] [ 20 46 ] ] # #
[ 22.0 [ 5 0 ] [ 72 0 ] [ 20 46 ] ] # $
[ 32.0 [ 7 0 ] [ 96 0 ] [ 30 46 ] ] # %
[ 32.0 [ 6 0 ] [ 130 0 ] [ 30 46 ] ] # &
[ 18.0 [ 6 0 ] [ 164 0 ] [ 16 46 ] ] # '
[ 13.0 [ 6 0 ] [ 184 0 ] [ 11 46 ] ] # (
[ 13.0 [ 5 0 ] [ 199 0 ] [ 11 46 ] ] # )
[ 18.0 [ 7 0 ] [ 214 0 ] [ 16 46 ] ] # *
[ 25.0 [ 4 0 ] [ 234 0 ] [ 23 46 ] ] # +
[ 9.0 [ 6 0 ] [ 261 0 ] [ 7 46 ] ] # ,
[ 25.0 [ 4 0 ] [ 272 0 ] [ 23 46 ] ] # -
[ 7.0 [ 7 0 ] [ 299 0 ] [ 5 46 ] ] # .
[ 13.0 [ 4 0 ] [ 308 0 ] [ 11 46 ] ] # /
[ 22.0 [ 5 0 ] [ 323 0 ] [ 20 46 ] ] # 0
[ 14.0 [ 9 0 ] [ 347 0 ] [ 12 46 ] ] # 1
[ 22.0 [ 5 0 ] [ 363 0 ] [ 20 46 ] ] # 2
[ 19.0 [ 6 0 ] [ 387 0 ] [ 17 46 ] ] # 3
[ 21.0 [ 5 0 ] [ 408 0 ] [ 19 46 ] ] # 4
[ 20.0 [ 5 0 ] [ 431 0 ] [ 18 46 ] ] # 5
[ 20.0 [ 6 0 ] [ 453 0 ] [ 18 46 ] ] # 6
[ 21.0 [ 5 0 ] [ 475 0 ] [ 19 46 ] ] # 7
[ 19.0 [ 6 0 ] [ 2 46 ] [ 17 46 ] ] # 8
[ 21.0 [ 5 0 ] [ 23 46 ] [ 19 46 ] ] # 9
[ 8.0 [ 7 0 ] [ 46 46 ] [ 6 46 ] ] # :
[ 9.0 [ 7 0 ] [ 56 46 ] [ 7 46 ] ] # ;
[ 24.0 [ 5 0 ] [ 67 46 ] [ 22 46 ] ] # <
[ 25.0 [ 4 0 ] [ 93 46 ] [ 23 46 ] ] # =
[ 24.0 [ 5 0 ] [ 120 46 ] [ 22 46 ] ] # >
[ 17.0 [ 7 0 ] [ 146 46 ] [ 15 46 ] ] # ?
[ 25.0 [ 4 0 ] [ 165 46 ] [ 23 46 ] ] # @
[ 32.0 [ 4 0 ] [ 192 46 ] [ 30 46 ] ] # A
[ 27.0 [ 5 0 ] [ 226 46 ] [ 25 46 ] ] # B
[ 32.0 [ 4 0 ] [ 255 46 ] [ 30 46 ] ] # C
[ 28.0 [ 4 0 ] [ 289 46 ] [ 26 46 ] ] # D
[ 28.0 [ 5 0 ] [ 319 46 ] [ 26 46 ] ] # E
[ 33.0 [ 5 0 ] [ 349 46 ] [ 31 46 ] ] # F
[ 27.0 [ 5 0 ] [ 384 46 ] [ 25 46 ] ] # G
[ 31.0 [ 6 0 ] [ 413 46 ] [ 29 46 ] ] # H
[ 15.0 [ 5 0 ] [ 446 46 ] [ 13 46 ] ] # I
[ 28.0 [ 5 0 ] [ 463 46 ] [ 26 46 ] ] # J
[ 32.0 [ 5 0 ] [ 2 92 ] [ 30 46 ] ] # K
[ 31.0 [ 4 0 ] [ 36 92 ] [ 29 46 ] ] # L
[ 39.0 [ 5 0 ] [ 69 92 ] [ 37 46 ] ] # M
[ 32.0 [ 5 0 ] [ 110 92 ] [ 30 46 ] ] # N
[ 31.0 [ 6 0 ] [ 144 92 ] [ 29 46 ] ] # O
[ 33.0 [ 5 0 ] [ 177 92 ] [ 31 46 ] ] # P
[ 31.0 [ 6 0 ] [ 212 92 ] [ 29 46 ] ] # Q
[ 25.0 [ 5 0 ] [ 245 92 ] [ 23 46 ] ] # R
[ 28.0 [ 4 0 ] [ 272 92 ] [ 26 46 ] ] # S
[ 27.0 [ 5 0 ] [ 302 92 ] [ 25 46 ] ] # T
[ 32.0 [ 4 0 ] [ 331 92 ] [ 30 46 ] ] # U
[ 19.0 [ 6 0 ] [ 365 92 ] [ 17 46 ] ] # V
[ 33.0 [ 5 0 ] [ 386 92 ] [ 31 46 ] ] # W
[ 26.0 [ 6 0 ] [ 421 92 ] [ 24 46 ] ] # X
[ 35.0 [ 5 0 ] [ 449 92 ] [ 33 46 ] ] # Y
[ 27.0 [ 6 0 ] [ 2 138 ] [ 25 46 ] ] # Z
[ 11.0 [ 8 0 ] [ 31 138 ] [ 9 46 ] ] # [
[ 25.0 [ 11 0 ] [ 44 138 ] [ 23 46 ] ] # \
[ 12.0 [ 5 0 ] [ 71 138 ] [ 10 46 ] ] # ]
[ 29.0 [ 5 0 ] [ 85 138 ] [ 27 46 ] ] # ^
[ 24.0 [ 4 0 ] [ 116 138 ] [ 22 46 ] ] # _
[ 2.0 [ 0 0 ] [ 142 138 ] [ 0 46 ] ] # `
[ 27.0 [ 6 0 ] [ 146 138 ] [ 25 46 ] ] # a
[ 21.0 [ 7 0 ] [ 175 138 ] [ 19 46 ] ] # b
[ 24.0 [ 5 0 ] [ 198 138 ] [ 22 46 ] ] # c
[ 21.0 [ 6 0 ] [ 224 138 ] [ 19 46 ] ] # d
[ 20.0 [ 5 0 ] [ 247 138 ] [ 18 46 ] ] # e
[ 22.0 [ 5 0 ] [ 269 138 ] [ 20 46 ] ] # f
[ 23.0 [ 4 0 ] [ 293 138 ] [ 21 46 ] ] # g
[ 25.0 [ 4 0 ] [ 318 138 ] [ 23 46 ] ] # h
[ 15.0 [ 4 0 ] [ 345 138 ] [ 13 46 ] ] # i
[ 25.0 [ 6 0 ] [ 362 138 ] [ 23 46 ] ] # j
[ 25.0 [ 5 0 ] [ 389 138 ] [ 23 46 ] ] # k
[ 25.0 [ 5 0 ] [ 416 138 ] [ 23 46 ] ] # l
[ 26.0 [ 5 0 ] [ 443 138 ] [ 24 46 ] ] # m
[ 23.0 [ 4 0 ] [ 471 138 ] [ 21 46 ] ] # n
[ 23.0 [ 5 0 ] [ 2 184 ] [ 21 46 ] ] # o
[ 25.0 [ 4 0 ] [ 27 184 ] [ 23 46 ] ] # p
[ 21.0 [ 6 0 ] [ 54 184 ] [ 19 46 ] ] # q
[ 21.0 [ 6 0 ] [ 77 184 ] [ 19 46 ] ] # r
[ 26.0 [ 5 0 ] [ 100 184 ] [ 24 46 ] ] # s
[ 20.0 [ 4 0 ] [ 128 184 ] [ 18 46 ] ] # t
[ 25.0 [ 4 0 ] [ 150 184 ] [ 23 46 ] ] # u
[ 30.0 [ 5 0 ] [ 177 184 ] [ 28 46 ] ] # v
[ 29.0 [ 6 0 ] [ 209 184 ] [ 27 46 ] ] # w
[ 22.0 [ 5 0 ] [ 240 184 ] [ 20 46 ] ] # x
[ 31.0 [ 5 0 ] [ 264 184 ] [ 29 46 ] ] # y
[ 20.0 [ 6 0 ] [ 297 184 ] [ 18 46 ] ] # z
[ 17.0 [ 6 0 ] [ 319 184 ] [ 15 46 ] ] # {
[ 6.0 [ 7 0 ] [ 338 184 ] [ 4 46 ] ] # |
[ 17.0 [ 7 0 ] [ 346 184 ] [ 15 46 ] ] # }
[ 24.0 [ 5 0 ] [ 365 184 ] [ 22 46 ] ] # ~
[ 2.0 [ 0 0 ] [ 391 184 ] [ 0 46 ] ] # 
[ 2.0 [ 0 0 ] [ 395 184 ] [ 0 46 ] ] # Ä
[ 2.0 [ 0 0 ] [ 399 184 ] [ 0 46 ] ] # Å
[ 2.0 [ 0 0 ] [ 403 184 ] [ 0 46 ] ] # Ç
[ 2.0 [ 0 0 ] [ 407 184 ] [ 0 46 ] ] # É
[ 2.0 [ 0 0 ] [ 411 184 ] [ 0 46 ] ] # Ñ
[ 2.0 [ 0 0 ] [ 415 184 ] [ 0 46 ] ] # Ö
[ 2.0 [ 0 0 ] [ 419 184 ] [ 0 46 ] ] # Ü
[ 2.0 [ 0 0 ] [ 423 184 ] [ 0 46 ] ] # á
[ 2.0 [ 0 0 ] [ 427 184 ] [ 0 46 ] ] # à
[ 2.0 [ 0 0 ] [ 431 184 ] [ 0 46 ] ] # â
[ 2.0 [ 0 0 ] [ 435 184 ] [ 0 46 ] ] # ä
[ 2.0 [ 0 0 ] [ 439 184 ] [ 0 46 ] ] # ã
[ 2.0 [ 0 0 ] [ 443 184 ] [ 0 46 ] ] # å
[ 2.0 [ 0 0 ] [ 447 184 ] [ 0 46 ] ] # ç
[ 2.0 [ 0 0 ] [ 451 184 ] [ 0 46 ] ] # é
[ 2.0 [ 0 0 ] [ 455 184 ] [ 0 46 ] ] # è
[ 2.0 [ 0 0 ] [ 459 184 ] [ 0 46 ] ] # ê
[ 2.0 [ 0 0 ] [ 463 184 ] [ 0 46 ] ] # ë
[ 2.0 [ 0 0 ] [ 467 184 ] [ 0 46 ] ] # í
[ 2.0 [ 0 0 ] [ 471 184 ] [ 0 46 ] ] # ì
[ 2.0 [ 0 0 ] [ 475 184 ] [ 0 46 ] ] # î
[ 2.0 [ 0 0 ] [ 479 184 ] [ 0 46 ] ] # ï
[ 2.0 [ 0 0 ] [ 483 184 ] [ 0 46 ] ] # ñ
[ 2.0 [ 0 0 ] [ 487 184 ] [ 0 46 ] ] # ó
[ 2.0 [ 0 0 ] [ 491 184 ] [ 0 46 ] ] # ò
[ 2.0 [ 0 0 ] [ 495 184 ] [ 0 46 ] ] # ô
[ 2.0 [ 0 0 ] [ 499 184 ] [ 0 46 ] ] # ö
[ 2.0 [ 0 0 ] [ 503 184 ] [ 0 46 ] ] # õ
[ 2.0 [ 0 0 ] [ 507 184 ] [ 0 46 ] ] # ú
[ 2.0 [ 0 0 ] [ 2 230 ] [ 0 46 ] ] # ù
[ 2.0 [ 0 0 ] [ 6 230 ] [ 0 46 ] ] # û
[ 2.0 [ 0 0 ] [ 10 230 ] [ 0 46 ] ] # ü
[ 31.0 [ 6 0 ] [ 14 230 ] [ 29 46 ] ] # †
[ 28.0 [ 4 0 ] [ 47 230 ] [ 26 46 ] ] # °
[ 11.0 [ 5 0 ] [ 77 230 ] [ 9 46 ] ] # ¢
[ 24.0 [ 5 0 ] [ 90 230 ] [ 22 46 ] ] # £
[ 21.0 [ 0 0 ] [ 116 230 ] [ 19 46 ] ] # §
[ 31.0 [ 5 0 ] [ 139 230 ] [ 29 46 ] ] # •
[ 24.0 [ 4 0 ] [ 172 230 ] [ 22 46 ] ] # ¶
[ 27.0 [ 8 0 ] [ 198 230 ] [ 25 46 ] ] # ß
[ 22.0 [ 10 0 ] [ 227 230 ] [ 20 46 ] ] # ®
[ 24.0 [ 9 0 ] [ 251 230 ] [ 22 46 ] ] # ©
[ 24.0 [ 9 0 ] [ 277 230 ] [ 22 46 ] ] # ™
[ 45.0 [ 5 0 ] [ 303 230 ] [ 43 46 ] ] # ´
[ 41.0 [ 5 0 ] [ 350 230 ] [ 39 46 ] ] # ¨
[ 25.0 [ 6 0 ] [ 393 230 ] [ 23 46 ] ] # ≠
[ 41.0 [ 6 0 ] [ 420 230 ] [ 39 46 ] ] # Æ
[ 25.0 [ 6 0 ] [ 463 230 ] [ 23 46 ] ] # Ø
[ 16.0 [ 6 0 ] [ 490 230 ] [ 14 46 ] ] # ∞
[ 25.0 [ 4 0 ] [ 2 276 ] [ 23 46 ] ] # ±
[ 19.0 [ 5 0 ] [ 29 276 ] [ 17 46 ] ] # ≤
[ 24.0 [ 5 0 ] [ 50 276 ] [ 22 46 ] ] # ≥
[ 24.0 [ 5 0 ] [ 76 276 ] [ 22 46 ] ] # ¥
[ 29.0 [ 5 0 ] [ 102 276 ] [ 27 46 ] ] # µ
[ 21.0 [ 5 0 ] [ 133 276 ] [ 19 46 ] ] # ∂
[ 18.0 [ 6 0 ] [ 156 276 ] [ 16 46 ] ] # ∑
[ 25.0 [ 4 0 ] [ 176 276 ] [ 23 46 ] ] # ∏
[ 24.0 [ 5 0 ] [ 203 276 ] [ 22 46 ] ] # π
[ 24.0 [ 5 0 ] [ 229 276 ] [ 22 46 ] ] # ∫
[ 24.0 [ 5 0 ] [ 255 276 ] [ 22 46 ] ] # ª
[ 35.0 [ 9 0 ] [ 281 276 ] [ 33 46 ] ] # º
[ 5.0 [ 16 0 ] [ 318 276 ] [ 3 46 ] ] # Ω
[ 50.0 [ 1 0 ] [ 325 276 ] [ 48 46 ] ] # æ
[ 27.0 [ 5 0 ] [ 377 276 ] [ 25 46 ] ] # ø
[ 24.0 [ 11 0 ] [ 406 276 ] [ 22 46 ] ] # ¿
[ 26.0 [ 5 0 ] [ 432 276 ] [ 24 46 ] ] # ¡
[ 34.0 [ 5 0 ] [ 460 276 ] [ 32 46 ] ] # ¬
[ 32.0 [ 11 0 ] [ 2 322 ] [ 30 46 ] ] # √
[ 32.0 [ 6 0 ] [ 36 322 ] [ 30 46 ] ] # ƒ
[ 32.0 [ 6 0 ] [ 70 322 ] [ 30 46 ] ] # ≈
[ 34.0 [ 6 0 ] [ 104 322 ] [ 32 46 ] ] # ∆
[ 32.0 [ 6 0 ] [ 140 322 ] [ 30 46 ] ] # «
[ 32.0 [ 6 0 ] [ 174 322 ] [ 30 46 ] ] # »
[ 30.0 [ 5 0 ] [ 208 322 ] [ 28 46 ] ] # …
[ 30.0 [ 5 0 ] [ 240 322 ] [ 28 46 ] ] #  
[ 31.0 [ 5 0 ] [ 272 322 ] [ 29 46 ] ] # À
[ 30.0 [ 6 0 ] [ 305 322 ] [ 28 46 ] ] # Ã
[ 30.0 [ 6 0 ] [ 337 322 ] [ 28 46 ] ] # Õ
[ 22.0 [ 6 0 ] [ 369 322 ] [ 20 46 ] ] # Œ
[ 22.0 [ 6 0 ] [ 393 322 ] [ 20 46 ] ] # œ
[ 33.0 [ 5 0 ] [ 417 322 ] [ 31 46 ] ] # –
[ 29.0 [ 6 0 ] [ 452 322 ] [ 27 46 ] ] # —
[ 32.0 [ 6 0 ] [ 2 368 ] [ 30 46 ] ] # “
[ 32.0 [ 6 0 ] [ 36 368 ] [ 30 46 ] ] # ”
[ 38.0 [ 5 0 ] [ 70 368 ] [ 36 46 ] ] # ‘
[ 36.0 [ 5 0 ] [ 110 368 ] [ 34 46 ] ] # ’
[ 24.0 [ 4 0 ] [ 148 368 ] [ 22 46 ] ] # ÷
[ 7.0 [ 7 0 ] [ 174 368 ] [ 5 46 ] ] # ◊
[ 30.0 [ 5 0 ] [ 183 368 ] [ 28 46 ] ] # ÿ
[ 26.0 [ 5 0 ] [ 215 368 ] [ 24 46 ] ] # Ÿ
[ 26.0 [ 5 0 ] [ 243 368 ] [ 24 46 ] ] # ⁄
[ 45.0 [ 5 0 ] [ 271 368 ] [ 43 46 ] ] # €
[ 41.0 [ 5 0 ] [ 318 368 ] [ 39 46 ] ] # ‹
[ 25.0 [ 6 0 ] [ 361 368 ] [ 23 46 ] ] # ›
[ 41.0 [ 6 0 ] [ 388 368 ] [ 39 46 ] ] # ﬁ
[ 25.0 [ 6 0 ] [ 431 368 ] [ 23 46 ] ] # ﬂ
[ 21.0 [ 5 0 ] [ 458 368 ] [ 19 46 ] ] # ‡
[ 15.0 [ 5 0 ] [ 481 368 ] [ 13 46 ] ] # ·
[ 32.0 [ 6 0 ] [ 2 414 ] [ 30 46 ] ] # ‚
[ 32.0 [ 6 0 ] [ 36 414 ] [ 30 46 ] ] # „
[ 33.0 [ 4 0 ] [ 70 414 ] [ 31 46 ] ] # ‰
[ 31.0 [ 5 0 ] [ 105 414 ] [ 29 46 ] ] # Â
[ 13.0 [ 6 0 ] [ 138 414 ] [ 11 46 ] ] # Ê
[ 5.0 [ 6 0 ] [ 153 414 ] [ 3 46 ] ] # Á
[ 18.0 [ 6 0 ] [ 160 414 ] [ 16 46 ] ] # Ë
[ 5.0 [ 4 0 ] [ 180 414 ] [ 3 46 ] ] # È
[ 5.0 [ 4 0 ] [ 187 414 ] [ 3 46 ] ] # Í
[ 17.0 [ 4 0 ] [ 194 414 ] [ 15 46 ] ] # Î
[ 6.0 [ 12 0 ] [ 213 414 ] [ 4 46 ] ] # Ï
[ 12.0 [ 5 0 ] [ 221 414 ] [ 10 46 ] ] # Ì
[ 13.0 [ 12 0 ] [ 235 414 ] [ 11 46 ] ] # Ó
[ 5.0 [ 12 0 ] [ 250 414 ] [ 3 46 ] ] # Ô
[ 2.0 [ 0 0 ] [ 257 414 ] [ 0 46 ] ] # 
[ 14.0 [ 5 0 ] [ 261 414 ] [ 12 46 ] ] # Ò
[ 10.0 [ 4 0 ] [ 277 414 ] [ 8 46 ] ] # Ú
[ 17.0 [ 18 0 ] [ 289 414 ] [ 15 46 ] ] # Û
[ 6.0 [ 18 0 ] [ 308 414 ] [ 4 46 ] ] # Ù
[ 18.0 [ 6 0 ] [ 316 414 ] [ 16 46 ] ] # ı
[ 13.0 [ 13 0 ] [ 336 414 ] [ 11 46 ] ] # ˆ
[ 5.0 [ 21 0 ] [ 351 414 ] [ 3 46 ] ] # ˜
[ 18.0 [ 8 0 ] [ 358 414 ] [ 16 46 ] ] # ¯
[ 5.0 [ 17 0 ] [ 378 414 ] [ 3 46 ] ] # ˘
[ 5.0 [ 17 0 ] [ 385 414 ] [ 3 46 ] ] # ˙
[ 17.0 [ 5 0 ] [ 392 414 ] [ 15 46 ] ] # ˚
[ 5.0 [ 12 0 ] [ 411 414 ] [ 3 46 ] ] # ¸
[ 13.0 [ 12 0 ] [ 418 414 ] [ 11 46 ] ] # ˝
[ 12.0 [ 5 0 ] [ 433 414 ] [ 10 46 ] ] # ˛
[ 2.0 [ 0 0 ] [ 447 414 ] [ 0 46 ] ] # ˇ
