[ 17.43710937 [ 0 0 ] [ 2 0 ] [ 0 60 ] ] #  
[ 12.44140625 [ 8 0 ] [ 6 0 ] [ 5 60 ] ] # !
[ 15.88671875 [ 7 0 ] [ 15 0 ] [ 11 60 ] ] # "
[ 24.91015625 [ 5 0 ] [ 30 0 ] [ 24 60 ] ] # #
[ 24.91015625 [ 5 0 ] [ 58 0 ] [ 24 60 ] ] # $
[ 39.8125 [ 6 0 ] [ 86 0 ] [ 38 60 ] ] # %
[ 29.859375 [ 6 0 ] [ 128 0 ] [ 28 60 ] ] # &
[ 8.53125 [ 6 0 ] [ 160 0 ] [ 6 60 ] ] # '
[ 14.90234375 [ 7 0 ] [ 170 0 ] [ 11 60 ] ] # (
[ 14.90234375 [ 6 0 ] [ 185 0 ] [ 11 60 ] ] # )
[ 17.41796875 [ 6 0 ] [ 200 0 ] [ 15 60 ] ] # *
[ 26.140625 [ 6 0 ] [ 219 0 ] [ 24 60 ] ] # +
[ 12.44140625 [ 8 0 ] [ 247 0 ] [ 6 60 ] ] # ,
[ 14.90234375 [ 6 0 ] [ 257 0 ] [ 12 60 ] ] # -
[ 12.44140625 [ 8 0 ] [ 273 0 ] [ 6 60 ] ] # .
[ 12.44140625 [ 3 0 ] [ 283 0 ] [ 15 60 ] ] # /
[ 24.91015625 [ 6 0 ] [ 302 0 ] [ 23 60 ] ] # 0
[ 24.91015625 [ 9 0 ] [ 329 0 ] [ 12 60 ] ] # 1
[ 24.91015625 [ 5 0 ] [ 345 0 ] [ 23 60 ] ] # 2
[ 24.91015625 [ 6 0 ] [ 372 0 ] [ 23 60 ] ] # 3
[ 24.91015625 [ 5 0 ] [ 399 0 ] [ 24 60 ] ] # 4
[ 24.91015625 [ 5 0 ] [ 427 0 ] [ 23 60 ] ] # 5
[ 24.91015625 [ 6 0 ] [ 454 0 ] [ 23 60 ] ] # 6
[ 24.91015625 [ 6 0 ] [ 481 0 ] [ 23 60 ] ] # 7
[ 24.91015625 [ 6 0 ] [ 2 60 ] [ 23 60 ] ] # 8
[ 24.91015625 [ 6 0 ] [ 29 60 ] [ 22 60 ] ] # 9
[ 12.44140625 [ 8 0 ] [ 55 60 ] [ 6 60 ] ] # :
[ 12.44140625 [ 8 0 ] [ 65 60 ] [ 6 60 ] ] # ;
[ 26.140625 [ 6 0 ] [ 75 60 ] [ 23 60 ] ] # <
[ 26.140625 [ 6 0 ] [ 102 60 ] [ 24 60 ] ] # =
[ 26.140625 [ 6 0 ] [ 130 60 ] [ 23 60 ] ] # >
[ 24.91015625 [ 7 0 ] [ 157 60 ] [ 20 60 ] ] # ?
[ 45.47265625 [ 11 0 ] [ 181 60 ] [ 34 60 ] ] # @
[ 29.859375 [ 5 0 ] [ 219 60 ] [ 30 60 ] ] # A
[ 29.859375 [ 7 0 ] [ 253 60 ] [ 27 60 ] ] # B
[ 32.34765625 [ 6 0 ] [ 284 60 ] [ 30 60 ] ] # C
[ 32.34765625 [ 8 0 ] [ 318 60 ] [ 28 60 ] ] # D
[ 29.859375 [ 8 0 ] [ 350 60 ] [ 25 60 ] ] # E
[ 27.34375 [ 8 0 ] [ 379 60 ] [ 24 60 ] ] # F
[ 34.8359375 [ 6 0 ] [ 407 60 ] [ 31 60 ] ] # G
[ 32.34765625 [ 7 0 ] [ 442 60 ] [ 28 60 ] ] # H
[ 12.44140625 [ 8 0 ] [ 474 60 ] [ 5 60 ] ] # I
[ 22.39453125 [ 5 0 ] [ 483 60 ] [ 20 60 ] ] # J
[ 29.859375 [ 7 0 ] [ 2 120 ] [ 28 60 ] ] # K
[ 24.91015625 [ 7 0 ] [ 34 120 ] [ 22 60 ] ] # L
[ 37.296875 [ 7 0 ] [ 60 120 ] [ 33 60 ] ] # M
[ 32.34765625 [ 7 0 ] [ 97 120 ] [ 28 60 ] ] # N
[ 34.8359375 [ 6 0 ] [ 129 120 ] [ 33 60 ] ] # O
[ 29.859375 [ 8 0 ] [ 166 120 ] [ 25 60 ] ] # P
[ 34.8359375 [ 6 0 ] [ 195 120 ] [ 33 60 ] ] # Q
[ 32.34765625 [ 8 0 ] [ 232 120 ] [ 28 60 ] ] # R
[ 29.859375 [ 6 0 ] [ 264 120 ] [ 27 60 ] ] # S
[ 27.34375 [ 5 0 ] [ 295 120 ] [ 27 60 ] ] # T
[ 32.34765625 [ 8 0 ] [ 326 120 ] [ 26 60 ] ] # U
[ 29.859375 [ 5 0 ] [ 356 120 ] [ 30 60 ] ] # V
[ 42.2734375 [ 5 0 ] [ 390 120 ] [ 42 60 ] ] # W
[ 29.859375 [ 5 0 ] [ 436 120 ] [ 29 60 ] ] # X
[ 29.859375 [ 5 0 ] [ 469 120 ] [ 30 60 ] ] # Y
[ 27.34375 [ 5 0 ] [ 2 180 ] [ 27 60 ] ] # Z
[ 12.44140625 [ 7 0 ] [ 33 180 ] [ 9 60 ] ] # [
[ 12.44140625 [ 3 0 ] [ 46 180 ] [ 15 60 ] ] # \
[ 12.44140625 [ 5 0 ] [ 65 180 ] [ 10 60 ] ] # ]
[ 21.0 [ 3 0 ] [ 79 180 ] [ 24 60 ] ] # ^
[ 24.91015625 [ 4 0 ] [ 107 180 ] [ 26 60 ] ] # _
[ 14.90234375 [ 7 0 ] [ 137 180 ] [ 6 60 ] ] # `
[ 24.91015625 [ 6 0 ] [ 147 180 ] [ 23 60 ] ] # a
[ 24.91015625 [ 7 0 ] [ 174 180 ] [ 22 60 ] ] # b
[ 22.39453125 [ 5 0 ] [ 200 180 ] [ 22 60 ] ] # c
[ 24.91015625 [ 6 0 ] [ 226 180 ] [ 22 60 ] ] # d
[ 24.91015625 [ 6 0 ] [ 252 180 ] [ 22 60 ] ] # e
[ 12.44140625 [ 5 0 ] [ 278 180 ] [ 12 60 ] ] # f
[ 24.91015625 [ 6 0 ] [ 294 180 ] [ 22 60 ] ] # g
[ 24.91015625 [ 7 0 ] [ 320 180 ] [ 20 60 ] ] # h
[ 9.953125 [ 7 0 ] [ 344 180 ] [ 5 60 ] ] # i
[ 9.953125 [ 3 0 ] [ 353 180 ] [ 9 60 ] ] # j
[ 22.39453125 [ 7 0 ] [ 366 180 ] [ 21 60 ] ] # k
[ 9.953125 [ 7 0 ] [ 391 180 ] [ 5 60 ] ] # l
[ 37.296875 [ 7 0 ] [ 400 180 ] [ 33 60 ] ] # m
[ 24.91015625 [ 7 0 ] [ 437 180 ] [ 20 60 ] ] # n
[ 24.91015625 [ 6 0 ] [ 461 180 ] [ 23 60 ] ] # o
[ 24.91015625 [ 7 0 ] [ 488 180 ] [ 22 60 ] ] # p
[ 24.91015625 [ 6 0 ] [ 2 240 ] [ 21 60 ] ] # q
[ 14.90234375 [ 8 0 ] [ 27 240 ] [ 12 60 ] ] # r
[ 22.39453125 [ 5 0 ] [ 43 240 ] [ 21 60 ] ] # s
[ 12.44140625 [ 5 0 ] [ 68 240 ] [ 12 60 ] ] # t
[ 24.91015625 [ 7 0 ] [ 84 240 ] [ 20 60 ] ] # u
[ 22.39453125 [ 4 0 ] [ 108 240 ] [ 23 60 ] ] # v
[ 32.34765625 [ 5 0 ] [ 135 240 ] [ 32 60 ] ] # w
[ 22.39453125 [ 5 0 ] [ 171 240 ] [ 22 60 ] ] # x
[ 22.39453125 [ 5 0 ] [ 197 240 ] [ 22 60 ] ] # y
[ 22.39453125 [ 5 0 ] [ 223 240 ] [ 21 60 ] ] # z
[ 14.95703125 [ 6 0 ] [ 248 240 ] [ 12 60 ] ] # {
[ 11.62109375 [ 8 0 ] [ 264 240 ] [ 4 60 ] ] # |
[ 14.95703125 [ 6 0 ] [ 272 240 ] [ 12 60 ] ] # }
[ 26.140625 [ 7 0 ] [ 288 240 ] [ 22 60 ] ] # ~
[ 17.43710937 [ 0 0 ] [ 314 240 ] [ 0 60 ] ] # 
