[ 7.473046875 [ 0 0 ] [ 2 0 ] [ 0 28 ] ] #  
[ 6.38671875 [ 6 0 ] [ 6 0 ] [ 4 28 ] ] # !
[ 9.09375 [ 6 0 ] [ 14 0 ] [ 6 28 ] ] # "
[ 10.67578125 [ 4 0 ] [ 24 0 ] [ 11 28 ] ] # #
[ 10.67578125 [ 5 0 ] [ 39 0 ] [ 10 28 ] ] # $
[ 17.0625 [ 5 0 ] [ 53 0 ] [ 17 28 ] ] # %
[ 13.86328125 [ 5 0 ] [ 74 0 ] [ 14 28 ] ] # &
[ 4.55859375 [ 5 0 ] [ 92 0 ] [ 4 28 ] ] # '
[ 6.38671875 [ 5 0 ] [ 100 0 ] [ 6 28 ] ] # (
[ 6.38671875 [ 4 0 ] [ 110 0 ] [ 7 28 ] ] # )
[ 7.46484375 [ 5 0 ] [ 121 0 ] [ 7 28 ] ] # *
[ 11.203125 [ 5 0 ] [ 132 0 ] [ 11 28 ] ] # +
[ 5.33203125 [ 5 0 ] [ 147 0 ] [ 4 28 ] ] # ,
[ 6.38671875 [ 5 0 ] [ 155 0 ] [ 6 28 ] ] # -
[ 5.33203125 [ 5 0 ] [ 165 0 ] [ 4 28 ] ] # .
[ 5.33203125 [ 3 0 ] [ 173 0 ] [ 8 28 ] ] # /
[ 10.67578125 [ 5 0 ] [ 185 0 ] [ 10 28 ] ] # 0
[ 10.67578125 [ 5 0 ] [ 199 0 ] [ 7 28 ] ] # 1
[ 10.67578125 [ 5 0 ] [ 210 0 ] [ 10 28 ] ] # 2
[ 10.67578125 [ 5 0 ] [ 224 0 ] [ 10 28 ] ] # 3
[ 10.67578125 [ 5 0 ] [ 238 0 ] [ 10 28 ] ] # 4
[ 10.67578125 [ 5 0 ] [ 2 28 ] [ 10 28 ] ] # 5
[ 10.67578125 [ 5 0 ] [ 16 28 ] [ 10 28 ] ] # 6
[ 10.67578125 [ 4 0 ] [ 30 28 ] [ 11 28 ] ] # 7
[ 10.67578125 [ 5 0 ] [ 45 28 ] [ 10 28 ] ] # 8
[ 10.67578125 [ 5 0 ] [ 59 28 ] [ 10 28 ] ] # 9
[ 6.38671875 [ 6 0 ] [ 73 28 ] [ 4 28 ] ] # :
[ 6.38671875 [ 6 0 ] [ 81 28 ] [ 4 28 ] ] # ;
[ 11.203125 [ 5 0 ] [ 89 28 ] [ 11 28 ] ] # <
[ 11.203125 [ 5 0 ] [ 104 28 ] [ 11 28 ] ] # =
[ 11.203125 [ 5 0 ] [ 119 28 ] [ 11 28 ] ] # >
[ 11.71875 [ 5 0 ] [ 134 28 ] [ 11 28 ] ] # ?
[ 18.71484375 [ 6 0 ] [ 149 28 ] [ 16 28 ] ] # @
[ 13.86328125 [ 4 0 ] [ 169 28 ] [ 15 28 ] ] # A
[ 13.86328125 [ 6 0 ] [ 188 28 ] [ 12 28 ] ] # B
[ 13.86328125 [ 5 0 ] [ 204 28 ] [ 13 28 ] ] # C
[ 13.86328125 [ 5 0 ] [ 221 28 ] [ 13 28 ] ] # D
[ 12.796875 [ 5 0 ] [ 238 28 ] [ 12 28 ] ] # E
[ 11.71875 [ 5 0 ] [ 2 56 ] [ 11 28 ] ] # F
[ 14.9296875 [ 5 0 ] [ 17 56 ] [ 14 28 ] ] # G
[ 13.86328125 [ 5 0 ] [ 35 56 ] [ 13 28 ] ] # H
[ 5.33203125 [ 5 0 ] [ 52 56 ] [ 4 28 ] ] # I
[ 10.67578125 [ 4 0 ] [ 60 56 ] [ 10 28 ] ] # J
[ 13.86328125 [ 6 0 ] [ 74 56 ] [ 13 28 ] ] # K
[ 11.71875 [ 5 0 ] [ 91 56 ] [ 11 28 ] ] # L
[ 15.984375 [ 5 0 ] [ 106 56 ] [ 15 28 ] ] # M
[ 13.86328125 [ 5 0 ] [ 125 56 ] [ 13 28 ] ] # N
[ 14.9296875 [ 5 0 ] [ 142 56 ] [ 14 28 ] ] # O
[ 12.796875 [ 5 0 ] [ 160 56 ] [ 12 28 ] ] # P
[ 14.9296875 [ 5 0 ] [ 176 56 ] [ 14 28 ] ] # Q
[ 13.86328125 [ 5 0 ] [ 194 56 ] [ 13 28 ] ] # R
[ 12.796875 [ 5 0 ] [ 211 56 ] [ 12 28 ] ] # S
[ 11.71875 [ 4 0 ] [ 227 56 ] [ 13 28 ] ] # T
[ 13.86328125 [ 5 0 ] [ 2 84 ] [ 13 28 ] ] # U
[ 12.796875 [ 4 0 ] [ 19 84 ] [ 14 28 ] ] # V
[ 18.1171875 [ 4 0 ] [ 37 84 ] [ 19 28 ] ] # W
[ 12.796875 [ 4 0 ] [ 60 84 ] [ 14 28 ] ] # X
[ 12.796875 [ 4 0 ] [ 78 84 ] [ 14 28 ] ] # Y
[ 11.71875 [ 4 0 ] [ 96 84 ] [ 12 28 ] ] # Z
[ 6.38671875 [ 5 0 ] [ 112 84 ] [ 6 28 ] ] # [
[ 5.33203125 [ 3 0 ] [ 122 84 ] [ 8 28 ] ] # \
[ 6.38671875 [ 4 0 ] [ 134 84 ] [ 6 28 ] ] # ]
[ 11.203125 [ 5 0 ] [ 144 84 ] [ 10 28 ] ] # ^
[ 10.67578125 [ 4 0 ] [ 158 84 ] [ 12 28 ] ] # _
[ 6.38671875 [ 5 0 ] [ 174 84 ] [ 4 28 ] ] # `
[ 10.67578125 [ 5 0 ] [ 182 84 ] [ 10 28 ] ] # a
[ 11.71875 [ 5 0 ] [ 196 84 ] [ 11 28 ] ] # b
[ 10.67578125 [ 5 0 ] [ 211 84 ] [ 10 28 ] ] # c
[ 11.71875 [ 5 0 ] [ 225 84 ] [ 11 28 ] ] # d
[ 10.67578125 [ 4 0 ] [ 240 84 ] [ 11 28 ] ] # e
[ 6.38671875 [ 4 0 ] [ 2 112 ] [ 7 28 ] ] # f
[ 11.71875 [ 5 0 ] [ 13 112 ] [ 11 28 ] ] # g
[ 11.71875 [ 5 0 ] [ 28 112 ] [ 11 28 ] ] # h
[ 5.33203125 [ 5 0 ] [ 43 112 ] [ 4 28 ] ] # i
[ 5.33203125 [ 4 0 ] [ 51 112 ] [ 5 28 ] ] # j
[ 10.67578125 [ 5 0 ] [ 60 112 ] [ 11 28 ] ] # k
[ 5.33203125 [ 5 0 ] [ 75 112 ] [ 4 28 ] ] # l
[ 17.0625 [ 5 0 ] [ 83 112 ] [ 16 28 ] ] # m
[ 11.71875 [ 5 0 ] [ 103 112 ] [ 11 28 ] ] # n
[ 11.71875 [ 5 0 ] [ 118 112 ] [ 11 28 ] ] # o
[ 11.71875 [ 5 0 ] [ 133 112 ] [ 11 28 ] ] # p
[ 11.71875 [ 5 0 ] [ 148 112 ] [ 11 28 ] ] # q
[ 7.46484375 [ 5 0 ] [ 163 112 ] [ 7 28 ] ] # r
[ 10.67578125 [ 5 0 ] [ 174 112 ] [ 10 28 ] ] # s
[ 6.38671875 [ 4 0 ] [ 188 112 ] [ 7 28 ] ] # t
[ 11.71875 [ 5 0 ] [ 199 112 ] [ 11 28 ] ] # u
[ 10.67578125 [ 4 0 ] [ 214 112 ] [ 11 28 ] ] # v
[ 14.9296875 [ 4 0 ] [ 229 112 ] [ 16 28 ] ] # w
[ 10.67578125 [ 4 0 ] [ 2 140 ] [ 11 28 ] ] # x
[ 10.67578125 [ 4 0 ] [ 17 140 ] [ 11 28 ] ] # y
[ 9.59765625 [ 4 0 ] [ 32 140 ] [ 10 28 ] ] # z
[ 7.46484375 [ 5 0 ] [ 46 140 ] [ 7 28 ] ] # {
[ 5.3671875 [ 6 0 ] [ 57 140 ] [ 3 28 ] ] # |
[ 7.46484375 [ 4 0 ] [ 64 140 ] [ 8 28 ] ] # }
[ 11.203125 [ 5 0 ] [ 76 140 ] [ 10 28 ] ] # ~
[ 7.473046875 [ 0 0 ] [ 90 140 ] [ 0 28 ] ] # 
