[ 4.98203125 [ 0 0 ] [ 2 0 ] [ 0 20 ] ] #  
[ 3.5546875 [ 5 0 ] [ 6 0 ] [ 2 20 ] ] # !
[ 4.5390625 [ 5 0 ] [ 12 0 ] [ 4 20 ] ] # "
[ 7.1171875 [ 4 0 ] [ 20 0 ] [ 8 20 ] ] # #
[ 7.1171875 [ 4 0 ] [ 32 0 ] [ 8 20 ] ] # $
[ 11.375 [ 4 0 ] [ 44 0 ] [ 12 20 ] ] # %
[ 8.53125 [ 5 0 ] [ 60 0 ] [ 8 20 ] ] # &
[ 2.4375 [ 5 0 ] [ 72 0 ] [ 2 20 ] ] # '
[ 4.2578125 [ 5 0 ] [ 78 0 ] [ 4 20 ] ] # (
[ 4.2578125 [ 5 0 ] [ 86 0 ] [ 3 20 ] ] # )
[ 4.9765625 [ 4 0 ] [ 93 0 ] [ 5 20 ] ] # *
[ 7.46875 [ 5 0 ] [ 102 0 ] [ 7 20 ] ] # +
[ 3.5546875 [ 5 0 ] [ 113 0 ] [ 2 20 ] ] # ,
[ 4.2578125 [ 5 0 ] [ 119 0 ] [ 4 20 ] ] # -
[ 3.5546875 [ 5 0 ] [ 127 0 ] [ 2 20 ] ] # .
[ 3.5546875 [ 4 0 ] [ 133 0 ] [ 5 20 ] ] # /
[ 7.1171875 [ 4 0 ] [ 142 0 ] [ 8 20 ] ] # 0
[ 7.1171875 [ 5 0 ] [ 154 0 ] [ 4 20 ] ] # 1
[ 7.1171875 [ 4 0 ] [ 162 0 ] [ 7 20 ] ] # 2
[ 7.1171875 [ 4 0 ] [ 173 0 ] [ 8 20 ] ] # 3
[ 7.1171875 [ 4 0 ] [ 185 0 ] [ 8 20 ] ] # 4
[ 7.1171875 [ 4 0 ] [ 197 0 ] [ 8 20 ] ] # 5
[ 7.1171875 [ 5 0 ] [ 209 0 ] [ 7 20 ] ] # 6
[ 7.1171875 [ 4 0 ] [ 220 0 ] [ 8 20 ] ] # 7
[ 7.1171875 [ 5 0 ] [ 232 0 ] [ 7 20 ] ] # 8
[ 7.1171875 [ 5 0 ] [ 243 0 ] [ 6 20 ] ] # 9
[ 3.5546875 [ 5 0 ] [ 2 20 ] [ 2 20 ] ] # :
[ 3.5546875 [ 5 0 ] [ 8 20 ] [ 2 20 ] ] # ;
[ 7.46875 [ 5 0 ] [ 14 20 ] [ 7 20 ] ] # <
[ 7.46875 [ 5 0 ] [ 25 20 ] [ 7 20 ] ] # =
[ 7.46875 [ 5 0 ] [ 36 20 ] [ 7 20 ] ] # >
[ 7.1171875 [ 5 0 ] [ 47 20 ] [ 6 20 ] ] # ?
[ 12.9921875 [ 6 0 ] [ 57 20 ] [ 10 20 ] ] # @
[ 8.53125 [ 4 0 ] [ 71 20 ] [ 9 20 ] ] # A
[ 8.53125 [ 5 0 ] [ 84 20 ] [ 8 20 ] ] # B
[ 9.2421875 [ 5 0 ] [ 96 20 ] [ 9 20 ] ] # C
[ 9.2421875 [ 5 0 ] [ 109 20 ] [ 9 20 ] ] # D
[ 8.53125 [ 5 0 ] [ 122 20 ] [ 8 20 ] ] # E
[ 7.8125 [ 5 0 ] [ 134 20 ] [ 7 20 ] ] # F
[ 9.953125 [ 5 0 ] [ 145 20 ] [ 9 20 ] ] # G
[ 9.2421875 [ 5 0 ] [ 158 20 ] [ 8 20 ] ] # H
[ 3.5546875 [ 5 0 ] [ 170 20 ] [ 2 20 ] ] # I
[ 6.3984375 [ 4 0 ] [ 176 20 ] [ 6 20 ] ] # J
[ 8.53125 [ 5 0 ] [ 186 20 ] [ 8 20 ] ] # K
[ 7.1171875 [ 5 0 ] [ 198 20 ] [ 7 20 ] ] # L
[ 10.65625 [ 5 0 ] [ 209 20 ] [ 10 20 ] ] # M
[ 9.2421875 [ 5 0 ] [ 223 20 ] [ 8 20 ] ] # N
[ 9.953125 [ 5 0 ] [ 235 20 ] [ 9 20 ] ] # O
[ 8.53125 [ 5 0 ] [ 2 40 ] [ 8 20 ] ] # P
[ 9.953125 [ 5 0 ] [ 14 40 ] [ 9 20 ] ] # Q
[ 9.2421875 [ 5 0 ] [ 27 40 ] [ 9 20 ] ] # R
[ 8.53125 [ 5 0 ] [ 40 40 ] [ 8 20 ] ] # S
[ 7.8125 [ 4 0 ] [ 52 40 ] [ 9 20 ] ] # T
[ 9.2421875 [ 5 0 ] [ 65 40 ] [ 8 20 ] ] # U
[ 8.53125 [ 4 0 ] [ 77 40 ] [ 9 20 ] ] # V
[ 12.078125 [ 4 0 ] [ 90 40 ] [ 13 20 ] ] # W
[ 8.53125 [ 4 0 ] [ 107 40 ] [ 9 20 ] ] # X
[ 8.53125 [ 4 0 ] [ 120 40 ] [ 9 20 ] ] # Y
[ 7.8125 [ 4 0 ] [ 133 40 ] [ 9 20 ] ] # Z
[ 3.5546875 [ 5 0 ] [ 146 40 ] [ 3 20 ] ] # [
[ 3.5546875 [ 4 0 ] [ 153 40 ] [ 5 20 ] ] # \
[ 3.5546875 [ 4 0 ] [ 162 40 ] [ 4 20 ] ] # ]
[ 6.0 [ 4 0 ] [ 170 40 ] [ 7 20 ] ] # ^
[ 7.1171875 [ 4 0 ] [ 181 40 ] [ 8 20 ] ] # _
[ 4.2578125 [ 5 0 ] [ 193 40 ] [ 2 20 ] ] # `
[ 7.1171875 [ 4 0 ] [ 199 40 ] [ 8 20 ] ] # a
[ 7.1171875 [ 5 0 ] [ 211 40 ] [ 7 20 ] ] # b
[ 6.3984375 [ 4 0 ] [ 222 40 ] [ 7 20 ] ] # c
[ 7.1171875 [ 4 0 ] [ 233 40 ] [ 7 20 ] ] # d
[ 7.1171875 [ 5 0 ] [ 244 40 ] [ 7 20 ] ] # e
[ 3.5546875 [ 4 0 ] [ 2 60 ] [ 4 20 ] ] # f
[ 7.1171875 [ 5 0 ] [ 10 60 ] [ 6 20 ] ] # g
[ 7.1171875 [ 5 0 ] [ 20 60 ] [ 6 20 ] ] # h
[ 2.84375 [ 5 0 ] [ 30 60 ] [ 2 20 ] ] # i
[ 2.84375 [ 4 0 ] [ 36 60 ] [ 3 20 ] ] # j
[ 6.3984375 [ 5 0 ] [ 43 60 ] [ 6 20 ] ] # k
[ 2.84375 [ 5 0 ] [ 53 60 ] [ 2 20 ] ] # l
[ 10.65625 [ 5 0 ] [ 59 60 ] [ 10 20 ] ] # m
[ 7.1171875 [ 5 0 ] [ 73 60 ] [ 6 20 ] ] # n
[ 7.1171875 [ 4 0 ] [ 83 60 ] [ 8 20 ] ] # o
[ 7.1171875 [ 5 0 ] [ 95 60 ] [ 7 20 ] ] # p
[ 7.1171875 [ 4 0 ] [ 106 60 ] [ 7 20 ] ] # q
[ 4.2578125 [ 5 0 ] [ 117 60 ] [ 4 20 ] ] # r
[ 6.3984375 [ 4 0 ] [ 125 60 ] [ 7 20 ] ] # s
[ 3.5546875 [ 4 0 ] [ 136 60 ] [ 4 20 ] ] # t
[ 7.1171875 [ 5 0 ] [ 144 60 ] [ 6 20 ] ] # u
[ 6.3984375 [ 4 0 ] [ 154 60 ] [ 7 20 ] ] # v
[ 9.2421875 [ 4 0 ] [ 165 60 ] [ 10 20 ] ] # w
[ 6.3984375 [ 4 0 ] [ 179 60 ] [ 7 20 ] ] # x
[ 6.3984375 [ 4 0 ] [ 190 60 ] [ 7 20 ] ] # y
[ 6.3984375 [ 4 0 ] [ 201 60 ] [ 7 20 ] ] # z
[ 4.2734375 [ 5 0 ] [ 212 60 ] [ 4 20 ] ] # {
[ 3.3203125 [ 5 0 ] [ 220 60 ] [ 2 20 ] ] # |
[ 4.2734375 [ 5 0 ] [ 226 60 ] [ 4 20 ] ] # }
[ 7.46875 [ 5 0 ] [ 234 60 ] [ 7 20 ] ] # ~
[ 4.98203125 [ 0 0 ] [ 245 60 ] [ 0 20 ] ] # 
