[ 16.35087891 [ 0 0 ] [ 2 0 ] [ 0 46 ] ] #  
[ 11.66894531 [ 9 0 ] [ 6 0 ] [ 5 46 ] ] # !
[ 14.90917969 [ 6 0 ] [ 15 0 ] [ 12 46 ] ] # "
[ 23.35839844 [ 5 0 ] [ 31 0 ] [ 23 46 ] ] # #
[ 23.35839844 [ 5 0 ] [ 58 0 ] [ 22 46 ] ] # $
[ 37.34472656 [ 5 0 ] [ 84 0 ] [ 36 46 ] ] # %
[ 28.01367188 [ 6 0 ] [ 124 0 ] [ 25 46 ] ] # &
[ 8.018554688 [ 7 0 ] [ 153 0 ] [ 4 46 ] ] # '
[ 13.98632812 [ 7 0 ] [ 161 0 ] [ 10 46 ] ] # (
[ 13.98632812 [ 6 0 ] [ 175 0 ] [ 10 46 ] ] # )
[ 16.34472656 [ 6 0 ] [ 189 0 ] [ 13 46 ] ] # *
[ 24.52734375 [ 6 0 ] [ 206 0 ] [ 21 46 ] ] # +
[ 11.66894531 [ 8 0 ] [ 231 0 ] [ 5 46 ] ] # ,
[ 13.98632812 [ 6 0 ] [ 240 0 ] [ 11 46 ] ] # -
[ 11.66894531 [ 8 0 ] [ 255 0 ] [ 5 46 ] ] # .
[ 11.66894531 [ 4 0 ] [ 264 0 ] [ 13 46 ] ] # /
[ 23.35839844 [ 6 0 ] [ 281 0 ] [ 20 46 ] ] # 0
[ 23.35839844 [ 8 0 ] [ 305 0 ] [ 11 46 ] ] # 1
[ 23.35839844 [ 5 0 ] [ 320 0 ] [ 21 46 ] ] # 2
[ 23.35839844 [ 5 0 ] [ 345 0 ] [ 21 46 ] ] # 3
[ 23.35839844 [ 5 0 ] [ 370 0 ] [ 22 46 ] ] # 4
[ 23.35839844 [ 5 0 ] [ 396 0 ] [ 21 46 ] ] # 5
[ 23.35839844 [ 6 0 ] [ 421 0 ] [ 20 46 ] ] # 6
[ 23.35839844 [ 6 0 ] [ 445 0 ] [ 21 46 ] ] # 7
[ 23.35839844 [ 6 0 ] [ 470 0 ] [ 20 46 ] ] # 8
[ 23.35839844 [ 6 0 ] [ 2 46 ] [ 20 46 ] ] # 9
[ 11.66894531 [ 9 0 ] [ 26 46 ] [ 5 46 ] ] # :
[ 11.66894531 [ 9 0 ] [ 35 46 ] [ 5 46 ] ] # ;
[ 24.52734375 [ 6 0 ] [ 44 46 ] [ 21 46 ] ] # <
[ 24.52734375 [ 6 0 ] [ 69 46 ] [ 21 46 ] ] # =
[ 24.52734375 [ 6 0 ] [ 94 46 ] [ 21 46 ] ] # >
[ 23.35839844 [ 7 0 ] [ 119 46 ] [ 19 46 ] ] # ?
[ 42.63574219 [ 5 0 ] [ 142 46 ] [ 40 46 ] ] # @
[ 28.01367188 [ 5 0 ] [ 186 46 ] [ 27 46 ] ] # A
[ 28.01367188 [ 7 0 ] [ 217 46 ] [ 24 46 ] ] # B
[ 30.33105469 [ 6 0 ] [ 245 46 ] [ 27 46 ] ] # C
[ 30.33105469 [ 8 0 ] [ 276 46 ] [ 25 46 ] ] # D
[ 28.01367188 [ 8 0 ] [ 305 46 ] [ 23 46 ] ] # E
[ 25.65527344 [ 8 0 ] [ 332 46 ] [ 21 46 ] ] # F
[ 32.66894531 [ 6 0 ] [ 357 46 ] [ 29 46 ] ] # G
[ 30.33105469 [ 7 0 ] [ 390 46 ] [ 25 46 ] ] # H
[ 11.66894531 [ 8 0 ] [ 419 46 ] [ 5 46 ] ] # I
[ 21.0 [ 5 0 ] [ 428 46 ] [ 18 46 ] ] # J
[ 28.01367188 [ 7 0 ] [ 450 46 ] [ 25 46 ] ] # K
[ 23.35839844 [ 7 0 ] [ 479 46 ] [ 20 46 ] ] # L
[ 34.98632812 [ 7 0 ] [ 2 92 ] [ 30 46 ] ] # M
[ 30.33105469 [ 7 0 ] [ 36 92 ] [ 25 46 ] ] # N
[ 32.66894531 [ 6 0 ] [ 65 92 ] [ 30 46 ] ] # O
[ 28.01367188 [ 8 0 ] [ 99 92 ] [ 23 46 ] ] # P
[ 32.66894531 [ 6 0 ] [ 126 92 ] [ 30 46 ] ] # Q
[ 30.33105469 [ 8 0 ] [ 160 92 ] [ 25 46 ] ] # R
[ 28.01367188 [ 6 0 ] [ 189 92 ] [ 25 46 ] ] # S
[ 25.65527344 [ 5 0 ] [ 218 92 ] [ 25 46 ] ] # T
[ 30.33105469 [ 8 0 ] [ 247 92 ] [ 24 46 ] ] # U
[ 28.01367188 [ 5 0 ] [ 275 92 ] [ 27 46 ] ] # V
[ 39.64160156 [ 5 0 ] [ 306 92 ] [ 39 46 ] ] # W
[ 28.01367188 [ 5 0 ] [ 349 92 ] [ 27 46 ] ] # X
[ 28.01367188 [ 5 0 ] [ 380 92 ] [ 28 46 ] ] # Y
[ 25.65527344 [ 5 0 ] [ 412 92 ] [ 24 46 ] ] # Z
[ 11.66894531 [ 7 0 ] [ 440 92 ] [ 8 46 ] ] # [
[ 11.66894531 [ 4 0 ] [ 452 92 ] [ 13 46 ] ] # \
[ 11.66894531 [ 5 0 ] [ 469 92 ] [ 9 46 ] ] # ]
[ 19.70800781 [ 6 0 ] [ 482 92 ] [ 17 46 ] ] # ^
[ 23.35839844 [ 3 0 ] [ 2 138 ] [ 26 46 ] ] # _
[ 13.98632812 [ 7 0 ] [ 32 138 ] [ 4 46 ] ] # `
[ 23.35839844 [ 6 0 ] [ 40 138 ] [ 21 46 ] ] # a
[ 23.35839844 [ 6 0 ] [ 65 138 ] [ 21 46 ] ] # b
[ 21.0 [ 5 0 ] [ 90 138 ] [ 20 46 ] ] # c
[ 23.35839844 [ 5 0 ] [ 114 138 ] [ 21 46 ] ] # d
[ 23.35839844 [ 6 0 ] [ 139 138 ] [ 20 46 ] ] # e
[ 11.66894531 [ 5 0 ] [ 163 138 ] [ 11 46 ] ] # f
[ 23.35839844 [ 5 0 ] [ 178 138 ] [ 20 46 ] ] # g
[ 23.35839844 [ 7 0 ] [ 202 138 ] [ 18 46 ] ] # h
[ 9.331054688 [ 7 0 ] [ 224 138 ] [ 4 46 ] ] # i
[ 9.331054688 [ 3 0 ] [ 232 138 ] [ 8 46 ] ] # j
[ 21.0 [ 6 0 ] [ 244 138 ] [ 20 46 ] ] # k
[ 9.331054688 [ 7 0 ] [ 268 138 ] [ 4 46 ] ] # l
[ 34.98632812 [ 7 0 ] [ 276 138 ] [ 30 46 ] ] # m
[ 23.35839844 [ 7 0 ] [ 310 138 ] [ 18 46 ] ] # n
[ 23.35839844 [ 6 0 ] [ 332 138 ] [ 20 46 ] ] # o
[ 23.35839844 [ 6 0 ] [ 356 138 ] [ 21 46 ] ] # p
[ 23.35839844 [ 5 0 ] [ 381 138 ] [ 21 46 ] ] # q
[ 13.98632812 [ 7 0 ] [ 406 138 ] [ 11 46 ] ] # r
[ 21.0 [ 5 0 ] [ 421 138 ] [ 19 46 ] ] # s
[ 11.66894531 [ 5 0 ] [ 444 138 ] [ 10 46 ] ] # t
[ 23.35839844 [ 7 0 ] [ 458 138 ] [ 18 46 ] ] # u
[ 21.0 [ 4 0 ] [ 480 138 ] [ 21 46 ] ] # v
[ 30.33105469 [ 4 0 ] [ 2 184 ] [ 31 46 ] ] # w
[ 21.0 [ 5 0 ] [ 37 184 ] [ 20 46 ] ] # x
[ 21.0 [ 5 0 ] [ 61 184 ] [ 20 46 ] ] # y
[ 21.0 [ 5 0 ] [ 85 184 ] [ 19 46 ] ] # z
[ 14.02734375 [ 6 0 ] [ 108 184 ] [ 10 46 ] ] # {
[ 10.91015625 [ 8 0 ] [ 122 184 ] [ 4 46 ] ] # |
[ 14.02734375 [ 5 0 ] [ 130 184 ] [ 11 46 ] ] # }
[ 24.52734375 [ 7 0 ] [ 145 184 ] [ 19 46 ] ] # ~
[ 16.35087891 [ 0 0 ] [ 168 184 ] [ 0 46 ] ] # 
