[ 19.6 [ 0 0 ] [ 2 0 ] [ 0 60 ] ] #  
[ 18.6484375 [ 9 0 ] [ 6 0 ] [ 10 60 ] ] # !
[ 31.08984375 [ 9 0 ] [ 20 0 ] [ 22 60 ] ] # "
[ 28.0 [ 4 0 ] [ 46 0 ] [ 29 60 ] ] # #
[ 28.0 [ 6 0 ] [ 79 0 ] [ 25 60 ] ] # $
[ 56.0 [ 11 0 ] [ 108 0 ] [ 43 60 ] ] # %
[ 46.6484375 [ 7 0 ] [ 155 0 ] [ 42 60 ] ] # &
[ 15.55859375 [ 8 0 ] [ 201 0 ] [ 12 60 ] ] # '
[ 18.6484375 [ 7 0 ] [ 217 0 ] [ 15 60 ] ] # (
[ 18.6484375 [ 6 0 ] [ 236 0 ] [ 15 60 ] ] # )
[ 28.0 [ 7 0 ] [ 255 0 ] [ 23 60 ] ] # *
[ 31.91015625 [ 6 0 ] [ 282 0 ] [ 29 60 ] ] # +
[ 14.0 [ 6 0 ] [ 315 0 ] [ 11 60 ] ] # ,
[ 18.6484375 [ 6 0 ] [ 330 0 ] [ 15 60 ] ] # -
[ 14.0 [ 6 0 ] [ 349 0 ] [ 11 60 ] ] # .
[ 15.55859375 [ 3 0 ] [ 364 0 ] [ 19 60 ] ] # /
[ 28.0 [ 5 0 ] [ 387 0 ] [ 26 60 ] ] # 0
[ 28.0 [ 8 0 ] [ 417 0 ] [ 22 60 ] ] # 1
[ 28.0 [ 5 0 ] [ 443 0 ] [ 27 60 ] ] # 2
[ 28.0 [ 5 0 ] [ 474 0 ] [ 26 60 ] ] # 3
[ 28.0 [ 5 0 ] [ 2 60 ] [ 26 60 ] ] # 4
[ 28.0 [ 5 0 ] [ 32 60 ] [ 26 60 ] ] # 5
[ 28.0 [ 6 0 ] [ 62 60 ] [ 25 60 ] ] # 6
[ 28.0 [ 5 0 ] [ 91 60 ] [ 26 60 ] ] # 7
[ 28.0 [ 6 0 ] [ 121 60 ] [ 25 60 ] ] # 8
[ 28.0 [ 5 0 ] [ 150 60 ] [ 26 60 ] ] # 9
[ 18.6484375 [ 9 0 ] [ 180 60 ] [ 10 60 ] ] # :
[ 18.6484375 [ 9 0 ] [ 194 60 ] [ 11 60 ] ] # ;
[ 31.91015625 [ 6 0 ] [ 209 60 ] [ 29 60 ] ] # <
[ 31.91015625 [ 6 0 ] [ 242 60 ] [ 29 60 ] ] # =
[ 31.91015625 [ 6 0 ] [ 275 60 ] [ 29 60 ] ] # >
[ 28.0 [ 7 0 ] [ 308 60 ] [ 23 60 ] ] # ?
[ 52.08984375 [ 10 0 ] [ 335 60 ] [ 41 60 ] ] # @
[ 40.44140625 [ 5 0 ] [ 380 60 ] [ 38 60 ] ] # A
[ 37.3515625 [ 5 0 ] [ 422 60 ] [ 34 60 ] ] # B
[ 40.44140625 [ 7 0 ] [ 460 60 ] [ 36 60 ] ] # C
[ 40.44140625 [ 5 0 ] [ 2 120 ] [ 38 60 ] ] # D
[ 37.3515625 [ 5 0 ] [ 44 120 ] [ 36 60 ] ] # E
[ 34.20703125 [ 5 0 ] [ 84 120 ] [ 32 60 ] ] # F
[ 43.55859375 [ 6 0 ] [ 120 120 ] [ 41 60 ] ] # G
[ 43.55859375 [ 5 0 ] [ 165 120 ] [ 42 60 ] ] # H
[ 21.79296875 [ 5 0 ] [ 211 120 ] [ 21 60 ] ] # I
[ 28.0 [ 4 0 ] [ 236 120 ] [ 28 60 ] ] # J
[ 43.55859375 [ 6 0 ] [ 268 120 ] [ 42 60 ] ] # K
[ 37.3515625 [ 5 0 ] [ 314 120 ] [ 36 60 ] ] # L
[ 52.85546875 [ 5 0 ] [ 354 120 ] [ 51 60 ] ] # M
[ 40.44140625 [ 5 0 ] [ 409 120 ] [ 39 60 ] ] # N
[ 43.55859375 [ 6 0 ] [ 452 120 ] [ 40 60 ] ] # O
[ 34.20703125 [ 5 0 ] [ 2 180 ] [ 33 60 ] ] # P
[ 43.55859375 [ 6 0 ] [ 39 180 ] [ 40 60 ] ] # Q
[ 40.44140625 [ 5 0 ] [ 83 180 ] [ 40 60 ] ] # R
[ 31.14453125 [ 6 0 ] [ 127 180 ] [ 27 60 ] ] # S
[ 37.3515625 [ 6 0 ] [ 158 180 ] [ 34 60 ] ] # T
[ 40.44140625 [ 5 0 ] [ 196 180 ] [ 39 60 ] ] # U
[ 40.44140625 [ 5 0 ] [ 239 180 ] [ 39 60 ] ] # V
[ 56.0 [ 5 0 ] [ 282 180 ] [ 55 60 ] ] # W
[ 40.44140625 [ 5 0 ] [ 341 180 ] [ 39 60 ] ] # X
[ 40.44140625 [ 5 0 ] [ 384 180 ] [ 39 60 ] ] # Y
[ 37.3515625 [ 6 0 ] [ 427 180 ] [ 34 60 ] ] # Z
[ 18.6484375 [ 8 0 ] [ 465 180 ] [ 14 60 ] ] # [
[ 15.55859375 [ 3 0 ] [ 483 180 ] [ 19 60 ] ] # \
[ 18.6484375 [ 6 0 ] [ 2 240 ] [ 14 60 ] ] # ]
[ 32.5390625 [ 8 0 ] [ 20 240 ] [ 25 60 ] ] # ^
[ 28.0 [ 4 0 ] [ 49 240 ] [ 29 60 ] ] # _
[ 18.6484375 [ 8 0 ] [ 82 240 ] [ 11 60 ] ] # `
[ 28.0 [ 5 0 ] [ 97 240 ] [ 27 60 ] ] # a
[ 31.14453125 [ 5 0 ] [ 128 240 ] [ 29 60 ] ] # b
[ 24.85546875 [ 5 0 ] [ 161 240 ] [ 24 60 ] ] # c
[ 31.14453125 [ 5 0 ] [ 189 240 ] [ 30 60 ] ] # d
[ 24.85546875 [ 5 0 ] [ 223 240 ] [ 24 60 ] ] # e
[ 18.6484375 [ 5 0 ] [ 251 240 ] [ 22 60 ] ] # f
[ 28.0 [ 6 0 ] [ 277 240 ] [ 26 60 ] ] # g
[ 31.14453125 [ 5 0 ] [ 307 240 ] [ 30 60 ] ] # h
[ 15.55859375 [ 5 0 ] [ 341 240 ] [ 14 60 ] ] # i
[ 18.6484375 [ 1 0 ] [ 359 240 ] [ 18 60 ] ] # j
[ 31.14453125 [ 5 0 ] [ 381 240 ] [ 30 60 ] ] # k
[ 15.55859375 [ 5 0 ] [ 415 240 ] [ 14 60 ] ] # l
[ 46.6484375 [ 5 0 ] [ 433 240 ] [ 45 60 ] ] # m
[ 31.14453125 [ 5 0 ] [ 2 300 ] [ 30 60 ] ] # n
[ 28.0 [ 5 0 ] [ 36 300 ] [ 26 60 ] ] # o
[ 31.14453125 [ 5 0 ] [ 66 300 ] [ 29 60 ] ] # p
[ 31.14453125 [ 6 0 ] [ 99 300 ] [ 29 60 ] ] # q
[ 24.85546875 [ 6 0 ] [ 132 300 ] [ 23 60 ] ] # r
[ 21.79296875 [ 5 0 ] [ 159 300 ] [ 20 60 ] ] # s
[ 18.6484375 [ 5 0 ] [ 183 300 ] [ 18 60 ] ] # t
[ 31.14453125 [ 5 0 ] [ 205 300 ] [ 30 60 ] ] # u
[ 28.0 [ 5 0 ] [ 239 300 ] [ 27 60 ] ] # v
[ 40.44140625 [ 5 0 ] [ 270 300 ] [ 39 60 ] ] # w
[ 28.0 [ 5 0 ] [ 313 300 ] [ 27 60 ] ] # x
[ 28.0 [ 5 0 ] [ 344 300 ] [ 27 60 ] ] # y
[ 24.85546875 [ 5 0 ] [ 375 300 ] [ 23 60 ] ] # z
[ 22.06640625 [ 6 0 ] [ 402 300 ] [ 18 60 ] ] # {
[ 12.33203125 [ 8 0 ] [ 424 300 ] [ 5 60 ] ] # |
[ 22.06640625 [ 7 0 ] [ 433 300 ] [ 19 60 ] ] # }
[ 29.12109375 [ 6 0 ] [ 456 300 ] [ 26 60 ] ] # ~
[ 19.6 [ 0 0 ] [ 486 300 ] [ 0 60 ] ] # 
