[ 4.671679687 [ 0 0 ] [ 2 0 ] [ 0 16 ] ] #  
[ 3.333984375 [ 5 0 ] [ 6 0 ] [ 2 16 ] ] # !
[ 4.259765625 [ 5 0 ] [ 12 0 ] [ 4 16 ] ] # "
[ 6.673828125 [ 4 0 ] [ 20 0 ] [ 7 16 ] ] # #
[ 6.673828125 [ 4 0 ] [ 31 0 ] [ 7 16 ] ] # $
[ 10.66992188 [ 4 0 ] [ 42 0 ] [ 11 16 ] ] # %
[ 8.00390625 [ 5 0 ] [ 57 0 ] [ 7 16 ] ] # &
[ 2.291015625 [ 5 0 ] [ 68 0 ] [ 2 16 ] ] # '
[ 3.99609375 [ 5 0 ] [ 74 0 ] [ 3 16 ] ] # (
[ 3.99609375 [ 4 0 ] [ 81 0 ] [ 4 16 ] ] # )
[ 4.669921875 [ 5 0 ] [ 89 0 ] [ 4 16 ] ] # *
[ 7.0078125 [ 5 0 ] [ 97 0 ] [ 6 16 ] ] # +
[ 3.333984375 [ 5 0 ] [ 107 0 ] [ 2 16 ] ] # ,
[ 3.99609375 [ 5 0 ] [ 113 0 ] [ 3 16 ] ] # -
[ 3.333984375 [ 5 0 ] [ 120 0 ] [ 2 16 ] ] # .
[ 3.333984375 [ 4 0 ] [ 2 16 ] [ 4 16 ] ] # /
[ 6.673828125 [ 4 0 ] [ 10 16 ] [ 7 16 ] ] # 0
[ 6.673828125 [ 5 0 ] [ 21 16 ] [ 4 16 ] ] # 1
[ 6.673828125 [ 4 0 ] [ 29 16 ] [ 7 16 ] ] # 2
[ 6.673828125 [ 4 0 ] [ 40 16 ] [ 7 16 ] ] # 3
[ 6.673828125 [ 4 0 ] [ 51 16 ] [ 7 16 ] ] # 4
[ 6.673828125 [ 4 0 ] [ 62 16 ] [ 7 16 ] ] # 5
[ 6.673828125 [ 4 0 ] [ 73 16 ] [ 7 16 ] ] # 6
[ 6.673828125 [ 5 0 ] [ 84 16 ] [ 6 16 ] ] # 7
[ 6.673828125 [ 4 0 ] [ 94 16 ] [ 7 16 ] ] # 8
[ 6.673828125 [ 4 0 ] [ 105 16 ] [ 7 16 ] ] # 9
[ 3.333984375 [ 5 0 ] [ 116 16 ] [ 2 16 ] ] # :
[ 3.333984375 [ 5 0 ] [ 122 16 ] [ 2 16 ] ] # ;
[ 7.0078125 [ 5 0 ] [ 2 32 ] [ 6 16 ] ] # <
[ 7.0078125 [ 5 0 ] [ 12 32 ] [ 6 16 ] ] # =
[ 7.0078125 [ 5 0 ] [ 22 32 ] [ 6 16 ] ] # >
[ 6.673828125 [ 5 0 ] [ 32 32 ] [ 6 16 ] ] # ?
[ 12.18164062 [ 4 0 ] [ 42 32 ] [ 12 16 ] ] # @
[ 8.00390625 [ 4 0 ] [ 58 32 ] [ 9 16 ] ] # A
[ 8.00390625 [ 5 0 ] [ 71 32 ] [ 7 16 ] ] # B
[ 8.666015625 [ 5 0 ] [ 82 32 ] [ 8 16 ] ] # C
[ 8.666015625 [ 5 0 ] [ 94 32 ] [ 8 16 ] ] # D
[ 8.00390625 [ 5 0 ] [ 106 32 ] [ 7 16 ] ] # E
[ 7.330078125 [ 5 0 ] [ 117 32 ] [ 7 16 ] ] # F
[ 9.333984375 [ 4 0 ] [ 2 48 ] [ 9 16 ] ] # G
[ 8.666015625 [ 5 0 ] [ 15 48 ] [ 8 16 ] ] # H
[ 3.333984375 [ 5 0 ] [ 27 48 ] [ 2 16 ] ] # I
[ 6.0 [ 4 0 ] [ 33 48 ] [ 6 16 ] ] # J
[ 8.00390625 [ 5 0 ] [ 43 48 ] [ 8 16 ] ] # K
[ 6.673828125 [ 5 0 ] [ 55 48 ] [ 6 16 ] ] # L
[ 9.99609375 [ 5 0 ] [ 65 48 ] [ 9 16 ] ] # M
[ 8.666015625 [ 5 0 ] [ 78 48 ] [ 8 16 ] ] # N
[ 9.333984375 [ 4 0 ] [ 90 48 ] [ 10 16 ] ] # O
[ 8.00390625 [ 5 0 ] [ 104 48 ] [ 7 16 ] ] # P
[ 9.333984375 [ 4 0 ] [ 115 48 ] [ 10 16 ] ] # Q
[ 8.666015625 [ 5 0 ] [ 2 64 ] [ 8 16 ] ] # R
[ 8.00390625 [ 5 0 ] [ 14 64 ] [ 7 16 ] ] # S
[ 7.330078125 [ 4 0 ] [ 25 64 ] [ 8 16 ] ] # T
[ 8.666015625 [ 5 0 ] [ 37 64 ] [ 8 16 ] ] # U
[ 8.00390625 [ 4 0 ] [ 49 64 ] [ 9 16 ] ] # V
[ 11.32617188 [ 4 0 ] [ 62 64 ] [ 12 16 ] ] # W
[ 8.00390625 [ 4 0 ] [ 78 64 ] [ 9 16 ] ] # X
[ 8.00390625 [ 4 0 ] [ 91 64 ] [ 9 16 ] ] # Y
[ 7.330078125 [ 4 0 ] [ 104 64 ] [ 8 16 ] ] # Z
[ 3.333984375 [ 5 0 ] [ 116 64 ] [ 3 16 ] ] # [
[ 3.333984375 [ 4 0 ] [ 2 80 ] [ 4 16 ] ] # \
[ 3.333984375 [ 4 0 ] [ 10 80 ] [ 3 16 ] ] # ]
[ 5.630859375 [ 5 0 ] [ 17 80 ] [ 5 16 ] ] # ^
[ 6.673828125 [ 4 0 ] [ 26 80 ] [ 8 16 ] ] # _
[ 3.99609375 [ 5 0 ] [ 38 80 ] [ 2 16 ] ] # `
[ 6.673828125 [ 5 0 ] [ 44 80 ] [ 6 16 ] ] # a
[ 6.673828125 [ 5 0 ] [ 54 80 ] [ 6 16 ] ] # b
[ 6.0 [ 4 0 ] [ 64 80 ] [ 7 16 ] ] # c
[ 6.673828125 [ 4 0 ] [ 75 80 ] [ 7 16 ] ] # d
[ 6.673828125 [ 4 0 ] [ 86 80 ] [ 7 16 ] ] # e
[ 3.333984375 [ 4 0 ] [ 97 80 ] [ 4 16 ] ] # f
[ 6.673828125 [ 4 0 ] [ 105 80 ] [ 7 16 ] ] # g
[ 6.673828125 [ 5 0 ] [ 116 80 ] [ 6 16 ] ] # h
[ 2.666015625 [ 5 0 ] [ 2 96 ] [ 2 16 ] ] # i
[ 2.666015625 [ 4 0 ] [ 8 96 ] [ 3 16 ] ] # j
[ 6.0 [ 5 0 ] [ 15 96 ] [ 6 16 ] ] # k
[ 2.666015625 [ 5 0 ] [ 25 96 ] [ 2 16 ] ] # l
[ 9.99609375 [ 5 0 ] [ 31 96 ] [ 9 16 ] ] # m
[ 6.673828125 [ 5 0 ] [ 44 96 ] [ 6 16 ] ] # n
[ 6.673828125 [ 4 0 ] [ 54 96 ] [ 7 16 ] ] # o
[ 6.673828125 [ 5 0 ] [ 65 96 ] [ 6 16 ] ] # p
[ 6.673828125 [ 4 0 ] [ 75 96 ] [ 7 16 ] ] # q
[ 3.99609375 [ 5 0 ] [ 86 96 ] [ 4 16 ] ] # r
[ 6.0 [ 4 0 ] [ 94 96 ] [ 6 16 ] ] # s
[ 3.333984375 [ 4 0 ] [ 104 96 ] [ 4 16 ] ] # t
[ 6.673828125 [ 5 0 ] [ 112 96 ] [ 6 16 ] ] # u
[ 6.0 [ 4 0 ] [ 2 112 ] [ 7 16 ] ] # v
[ 8.666015625 [ 4 0 ] [ 13 112 ] [ 9 16 ] ] # w
[ 6.0 [ 4 0 ] [ 26 112 ] [ 6 16 ] ] # x
[ 6.0 [ 4 0 ] [ 36 112 ] [ 6 16 ] ] # y
[ 6.0 [ 4 0 ] [ 46 112 ] [ 6 16 ] ] # z
[ 4.0078125 [ 5 0 ] [ 56 112 ] [ 3 16 ] ] # {
[ 3.1171875 [ 5 0 ] [ 63 112 ] [ 2 16 ] ] # |
[ 4.0078125 [ 4 0 ] [ 69 112 ] [ 4 16 ] ] # }
[ 7.0078125 [ 5 0 ] [ 77 112 ] [ 6 16 ] ] # ~
[ 4.671679687 [ 0 0 ] [ 87 112 ] [ 0 16 ] ] # 
