[ 9.343359375 [ 0 0 ] [ 2 0 ] [ 0 28 ] ] #  
[ 7.9921875 [ 7 0 ] [ 6 0 ] [ 4 28 ] ] # !
[ 11.37890625 [ 5 0 ] [ 14 0 ] [ 10 28 ] ] # "
[ 13.34765625 [ 4 0 ] [ 28 0 ] [ 14 28 ] ] # #
[ 13.34765625 [ 5 0 ] [ 46 0 ] [ 12 28 ] ] # $
[ 21.33984375 [ 5 0 ] [ 62 0 ] [ 21 28 ] ] # %
[ 17.33203125 [ 5 0 ] [ 87 0 ] [ 16 28 ] ] # &
[ 5.70703125 [ 6 0 ] [ 107 0 ] [ 4 28 ] ] # '
[ 7.9921875 [ 5 0 ] [ 115 0 ] [ 7 28 ] ] # (
[ 7.9921875 [ 5 0 ] [ 126 0 ] [ 7 28 ] ] # )
[ 9.33984375 [ 5 0 ] [ 137 0 ] [ 8 28 ] ] # *
[ 14.015625 [ 5 0 ] [ 149 0 ] [ 13 28 ] ] # +
[ 6.66796875 [ 6 0 ] [ 166 0 ] [ 4 28 ] ] # ,
[ 7.9921875 [ 5 0 ] [ 174 0 ] [ 7 28 ] ] # -
[ 6.66796875 [ 6 0 ] [ 185 0 ] [ 4 28 ] ] # .
[ 6.66796875 [ 4 0 ] [ 193 0 ] [ 7 28 ] ] # /
[ 13.34765625 [ 5 0 ] [ 204 0 ] [ 12 28 ] ] # 0
[ 13.34765625 [ 6 0 ] [ 220 0 ] [ 8 28 ] ] # 1
[ 13.34765625 [ 5 0 ] [ 232 0 ] [ 12 28 ] ] # 2
[ 13.34765625 [ 5 0 ] [ 2 28 ] [ 12 28 ] ] # 3
[ 13.34765625 [ 5 0 ] [ 18 28 ] [ 12 28 ] ] # 4
[ 13.34765625 [ 5 0 ] [ 34 28 ] [ 12 28 ] ] # 5
[ 13.34765625 [ 5 0 ] [ 50 28 ] [ 12 28 ] ] # 6
[ 13.34765625 [ 5 0 ] [ 66 28 ] [ 12 28 ] ] # 7
[ 13.34765625 [ 5 0 ] [ 82 28 ] [ 12 28 ] ] # 8
[ 13.34765625 [ 5 0 ] [ 98 28 ] [ 12 28 ] ] # 9
[ 7.9921875 [ 7 0 ] [ 114 28 ] [ 4 28 ] ] # :
[ 7.9921875 [ 7 0 ] [ 122 28 ] [ 4 28 ] ] # ;
[ 14.015625 [ 5 0 ] [ 130 28 ] [ 12 28 ] ] # <
[ 14.015625 [ 5 0 ] [ 146 28 ] [ 13 28 ] ] # =
[ 14.015625 [ 5 0 ] [ 163 28 ] [ 12 28 ] ] # >
[ 14.66015625 [ 6 0 ] [ 179 28 ] [ 12 28 ] ] # ?
[ 23.40234375 [ 5 0 ] [ 195 28 ] [ 23 28 ] ] # @
[ 17.33203125 [ 5 0 ] [ 222 28 ] [ 17 28 ] ] # A
[ 17.33203125 [ 6 0 ] [ 2 56 ] [ 15 28 ] ] # B
[ 17.33203125 [ 5 0 ] [ 21 56 ] [ 16 28 ] ] # C
[ 17.33203125 [ 6 0 ] [ 41 56 ] [ 15 28 ] ] # D
[ 16.0078125 [ 6 0 ] [ 60 56 ] [ 14 28 ] ] # E
[ 14.66015625 [ 6 0 ] [ 78 56 ] [ 13 28 ] ] # F
[ 18.66796875 [ 5 0 ] [ 95 56 ] [ 17 28 ] ] # G
[ 17.33203125 [ 6 0 ] [ 116 56 ] [ 15 28 ] ] # H
[ 6.66796875 [ 6 0 ] [ 135 56 ] [ 4 28 ] ] # I
[ 13.34765625 [ 5 0 ] [ 143 56 ] [ 11 28 ] ] # J
[ 17.33203125 [ 6 0 ] [ 158 56 ] [ 16 28 ] ] # K
[ 14.66015625 [ 6 0 ] [ 178 56 ] [ 13 28 ] ] # L
[ 19.9921875 [ 6 0 ] [ 195 56 ] [ 17 28 ] ] # M
[ 17.33203125 [ 6 0 ] [ 216 56 ] [ 15 28 ] ] # N
[ 18.66796875 [ 5 0 ] [ 235 56 ] [ 18 28 ] ] # O
[ 16.0078125 [ 6 0 ] [ 2 84 ] [ 14 28 ] ] # P
[ 18.66796875 [ 5 0 ] [ 20 84 ] [ 18 28 ] ] # Q
[ 17.33203125 [ 6 0 ] [ 42 84 ] [ 15 28 ] ] # R
[ 16.0078125 [ 5 0 ] [ 61 84 ] [ 15 28 ] ] # S
[ 14.66015625 [ 4 0 ] [ 80 84 ] [ 15 28 ] ] # T
[ 17.33203125 [ 6 0 ] [ 99 84 ] [ 14 28 ] ] # U
[ 16.0078125 [ 5 0 ] [ 117 84 ] [ 15 28 ] ] # V
[ 22.65234375 [ 4 0 ] [ 136 84 ] [ 23 28 ] ] # W
[ 16.0078125 [ 5 0 ] [ 163 84 ] [ 15 28 ] ] # X
[ 16.0078125 [ 5 0 ] [ 182 84 ] [ 15 28 ] ] # Y
[ 14.66015625 [ 5 0 ] [ 201 84 ] [ 14 28 ] ] # Z
[ 7.9921875 [ 6 0 ] [ 219 84 ] [ 6 28 ] ] # [
[ 6.66796875 [ 4 0 ] [ 229 84 ] [ 8 28 ] ] # \
[ 7.9921875 [ 4 0 ] [ 241 84 ] [ 7 28 ] ] # ]
[ 14.015625 [ 5 0 ] [ 2 112 ] [ 12 28 ] ] # ^
[ 13.34765625 [ 3 0 ] [ 18 112 ] [ 16 28 ] ] # _
[ 7.9921875 [ 6 0 ] [ 38 112 ] [ 4 28 ] ] # `
[ 13.34765625 [ 5 0 ] [ 46 112 ] [ 12 28 ] ] # a
[ 14.66015625 [ 5 0 ] [ 62 112 ] [ 14 28 ] ] # b
[ 13.34765625 [ 5 0 ] [ 80 112 ] [ 12 28 ] ] # c
[ 14.66015625 [ 5 0 ] [ 96 112 ] [ 13 28 ] ] # d
[ 13.34765625 [ 5 0 ] [ 113 112 ] [ 12 28 ] ] # e
[ 7.9921875 [ 4 0 ] [ 129 112 ] [ 8 28 ] ] # f
[ 14.66015625 [ 5 0 ] [ 141 112 ] [ 13 28 ] ] # g
[ 14.66015625 [ 6 0 ] [ 158 112 ] [ 12 28 ] ] # h
[ 6.66796875 [ 6 0 ] [ 174 112 ] [ 4 28 ] ] # i
[ 6.66796875 [ 4 0 ] [ 182 112 ] [ 6 28 ] ] # j
[ 13.34765625 [ 5 0 ] [ 192 112 ] [ 13 28 ] ] # k
[ 6.66796875 [ 6 0 ] [ 209 112 ] [ 4 28 ] ] # l
[ 21.33984375 [ 5 0 ] [ 217 112 ] [ 20 28 ] ] # m
[ 14.66015625 [ 5 0 ] [ 241 112 ] [ 13 28 ] ] # n
[ 14.66015625 [ 5 0 ] [ 2 140 ] [ 13 28 ] ] # o
[ 14.66015625 [ 5 0 ] [ 19 140 ] [ 14 28 ] ] # p
[ 14.66015625 [ 5 0 ] [ 37 140 ] [ 13 28 ] ] # q
[ 9.33984375 [ 5 0 ] [ 54 140 ] [ 9 28 ] ] # r
[ 13.34765625 [ 5 0 ] [ 67 140 ] [ 12 28 ] ] # s
[ 7.9921875 [ 4 0 ] [ 83 140 ] [ 8 28 ] ] # t
[ 14.66015625 [ 5 0 ] [ 95 140 ] [ 13 28 ] ] # u
[ 13.34765625 [ 4 0 ] [ 112 140 ] [ 14 28 ] ] # v
[ 18.66796875 [ 4 0 ] [ 130 140 ] [ 19 28 ] ] # w
[ 13.34765625 [ 4 0 ] [ 153 140 ] [ 14 28 ] ] # x
[ 13.34765625 [ 4 0 ] [ 171 140 ] [ 14 28 ] ] # y
[ 12.0 [ 5 0 ] [ 189 140 ] [ 11 28 ] ] # z
[ 9.33984375 [ 5 0 ] [ 204 140 ] [ 7 28 ] ] # {
[ 6.71484375 [ 6 0 ] [ 215 140 ] [ 3 28 ] ] # |
[ 9.33984375 [ 6 0 ] [ 222 140 ] [ 7 28 ] ] # }
[ 14.015625 [ 5 0 ] [ 233 140 ] [ 12 28 ] ] # ~
[ 9.343359375 [ 0 0 ] [ 249 140 ] [ 0 28 ] ] # 
