[ 14.7 [ 0 0 ] [ 2 0 ] [ 0 46 ] ] #  
[ 13.98632812 [ 9 0 ] [ 6 0 ] [ 6 46 ] ] # !
[ 17.14453125 [ 7 0 ] [ 16 0 ] [ 12 46 ] ] # "
[ 21.0 [ 4 0 ] [ 32 0 ] [ 22 46 ] ] # #
[ 21.0 [ 6 0 ] [ 58 0 ] [ 18 46 ] ] # $
[ 34.98632812 [ 7 0 ] [ 80 0 ] [ 30 46 ] ] # %
[ 32.66894531 [ 6 0 ] [ 114 0 ] [ 30 46 ] ] # &
[ 7.567382812 [ 7 0 ] [ 148 0 ] [ 7 46 ] ] # '
[ 13.98632812 [ 6 0 ] [ 159 0 ] [ 12 46 ] ] # (
[ 13.98632812 [ 5 0 ] [ 175 0 ] [ 12 46 ] ] # )
[ 21.0 [ 7 0 ] [ 191 0 ] [ 16 46 ] ] # *
[ 23.68652344 [ 5 0 ] [ 211 0 ] [ 22 46 ] ] # +
[ 10.5 [ 6 0 ] [ 237 0 ] [ 7 46 ] ] # ,
[ 13.98632812 [ 6 0 ] [ 248 0 ] [ 11 46 ] ] # -
[ 10.5 [ 7 0 ] [ 263 0 ] [ 5 46 ] ] # .
[ 11.66894531 [ 4 0 ] [ 272 0 ] [ 13 46 ] ] # /
[ 21.0 [ 5 0 ] [ 289 0 ] [ 20 46 ] ] # 0
[ 21.0 [ 9 0 ] [ 313 0 ] [ 12 46 ] ] # 1
[ 21.0 [ 5 0 ] [ 329 0 ] [ 20 46 ] ] # 2
[ 21.0 [ 6 0 ] [ 353 0 ] [ 17 46 ] ] # 3
[ 21.0 [ 5 0 ] [ 374 0 ] [ 20 46 ] ] # 4
[ 21.0 [ 5 0 ] [ 398 0 ] [ 18 46 ] ] # 5
[ 21.0 [ 5 0 ] [ 420 0 ] [ 19 46 ] ] # 6
[ 21.0 [ 5 0 ] [ 443 0 ] [ 19 46 ] ] # 7
[ 21.0 [ 6 0 ] [ 466 0 ] [ 17 46 ] ] # 8
[ 21.0 [ 5 0 ] [ 487 0 ] [ 19 46 ] ] # 9
[ 11.66894531 [ 7 0 ] [ 2 46 ] [ 6 46 ] ] # :
[ 11.66894531 [ 7 0 ] [ 12 46 ] [ 7 46 ] ] # ;
[ 23.68652344 [ 5 0 ] [ 23 46 ] [ 22 46 ] ] # <
[ 23.68652344 [ 5 0 ] [ 49 46 ] [ 22 46 ] ] # =
[ 23.68652344 [ 5 0 ] [ 75 46 ] [ 22 46 ] ] # >
[ 18.64160156 [ 7 0 ] [ 101 46 ] [ 15 46 ] ] # ?
[ 38.67773438 [ 9 0 ] [ 120 46 ] [ 30 46 ] ] # @
[ 30.33105469 [ 5 0 ] [ 154 46 ] [ 29 46 ] ] # A
[ 28.01367188 [ 5 0 ] [ 187 46 ] [ 25 46 ] ] # B
[ 28.01367188 [ 5 0 ] [ 216 46 ] [ 26 46 ] ] # C
[ 30.33105469 [ 5 0 ] [ 246 46 ] [ 29 46 ] ] # D
[ 25.65527344 [ 5 0 ] [ 279 46 ] [ 25 46 ] ] # E
[ 23.35839844 [ 5 0 ] [ 308 46 ] [ 23 46 ] ] # F
[ 30.33105469 [ 5 0 ] [ 335 46 ] [ 30 46 ] ] # G
[ 30.33105469 [ 5 0 ] [ 369 46 ] [ 29 46 ] ] # H
[ 13.98632812 [ 5 0 ] [ 402 46 ] [ 13 46 ] ] # I
[ 16.34472656 [ 4 0 ] [ 419 46 ] [ 16 46 ] ] # J
[ 30.33105469 [ 5 0 ] [ 439 46 ] [ 30 46 ] ] # K
[ 25.65527344 [ 5 0 ] [ 473 46 ] [ 25 46 ] ] # L
[ 37.34472656 [ 5 0 ] [ 2 92 ] [ 36 46 ] ] # M
[ 30.33105469 [ 5 0 ] [ 42 92 ] [ 29 46 ] ] # N
[ 30.33105469 [ 5 0 ] [ 75 92 ] [ 29 46 ] ] # O
[ 23.35839844 [ 5 0 ] [ 108 92 ] [ 23 46 ] ] # P
[ 30.33105469 [ 5 0 ] [ 135 92 ] [ 29 46 ] ] # Q
[ 28.01367188 [ 5 0 ] [ 168 92 ] [ 27 46 ] ] # R
[ 23.35839844 [ 6 0 ] [ 199 92 ] [ 20 46 ] ] # S
[ 25.65527344 [ 5 0 ] [ 223 92 ] [ 25 46 ] ] # T
[ 30.33105469 [ 5 0 ] [ 252 92 ] [ 29 46 ] ] # U
[ 30.33105469 [ 5 0 ] [ 285 92 ] [ 29 46 ] ] # V
[ 39.64160156 [ 4 0 ] [ 318 92 ] [ 40 46 ] ] # W
[ 30.33105469 [ 4 0 ] [ 362 92 ] [ 30 46 ] ] # X
[ 30.33105469 [ 5 0 ] [ 396 92 ] [ 29 46 ] ] # Y
[ 25.65527344 [ 4 0 ] [ 429 92 ] [ 26 46 ] ] # Z
[ 13.98632812 [ 8 0 ] [ 459 92 ] [ 9 46 ] ] # [
[ 11.66894531 [ 4 0 ] [ 472 92 ] [ 13 46 ] ] # \
[ 13.98632812 [ 5 0 ] [ 489 92 ] [ 10 46 ] ] # ]
[ 19.70800781 [ 5 0 ] [ 2 138 ] [ 19 46 ] ] # ^
[ 21.0 [ 4 0 ] [ 25 138 ] [ 22 46 ] ] # _
[ 13.98632812 [ 9 0 ] [ 51 138 ] [ 6 46 ] ] # `
[ 18.64160156 [ 6 0 ] [ 61 138 ] [ 17 46 ] ] # a
[ 21.0 [ 4 0 ] [ 82 138 ] [ 20 46 ] ] # b
[ 18.64160156 [ 5 0 ] [ 106 138 ] [ 17 46 ] ] # c
[ 21.0 [ 5 0 ] [ 127 138 ] [ 20 46 ] ] # d
[ 18.64160156 [ 5 0 ] [ 151 138 ] [ 18 46 ] ] # e
[ 13.98632812 [ 5 0 ] [ 173 138 ] [ 16 46 ] ] # f
[ 21.0 [ 5 0 ] [ 193 138 ] [ 20 46 ] ] # g
[ 21.0 [ 4 0 ] [ 217 138 ] [ 21 46 ] ] # h
[ 11.66894531 [ 5 0 ] [ 242 138 ] [ 10 46 ] ] # i
[ 11.66894531 [ 1 0 ] [ 256 138 ] [ 12 46 ] ] # j
[ 21.0 [ 4 0 ] [ 272 138 ] [ 22 46 ] ] # k
[ 11.66894531 [ 5 0 ] [ 298 138 ] [ 11 46 ] ] # l
[ 32.66894531 [ 5 0 ] [ 313 138 ] [ 32 46 ] ] # m
[ 21.0 [ 5 0 ] [ 349 138 ] [ 20 46 ] ] # n
[ 21.0 [ 5 0 ] [ 373 138 ] [ 20 46 ] ] # o
[ 21.0 [ 4 0 ] [ 397 138 ] [ 21 46 ] ] # p
[ 21.0 [ 5 0 ] [ 422 138 ] [ 20 46 ] ] # q
[ 13.98632812 [ 4 0 ] [ 446 138 ] [ 15 46 ] ] # r
[ 16.34472656 [ 6 0 ] [ 465 138 ] [ 13 46 ] ] # s
[ 11.66894531 [ 5 0 ] [ 482 138 ] [ 11 46 ] ] # t
[ 21.0 [ 4 0 ] [ 2 184 ] [ 21 46 ] ] # u
[ 21.0 [ 5 0 ] [ 27 184 ] [ 20 46 ] ] # v
[ 30.33105469 [ 5 0 ] [ 51 184 ] [ 29 46 ] ] # w
[ 21.0 [ 5 0 ] [ 84 184 ] [ 20 46 ] ] # x
[ 21.0 [ 5 0 ] [ 108 184 ] [ 20 46 ] ] # y
[ 18.64160156 [ 5 0 ] [ 132 184 ] [ 17 46 ] ] # z
[ 20.15917969 [ 8 0 ] [ 153 184 ] [ 12 46 ] ] # {
[ 8.408203125 [ 7 0 ] [ 169 184 ] [ 3 46 ] ] # |
[ 20.15917969 [ 9 0 ] [ 176 184 ] [ 12 46 ] ] # }
[ 22.72265625 [ 6 0 ] [ 192 184 ] [ 20 46 ] ] # ~
[ 14.7 [ 0 0 ] [ 216 184 ] [ 0 46 ] ] # 
