[ 7.007519531 [ 0 0 ] [ 2 0 ] [ 0 22 ] ] #  
[ 5.000976562 [ 6 0 ] [ 6 0 ] [ 3 22 ] ] # !
[ 6.389648438 [ 5 0 ] [ 13 0 ] [ 5 22 ] ] # "
[ 10.01074219 [ 4 0 ] [ 22 0 ] [ 11 22 ] ] # #
[ 10.01074219 [ 5 0 ] [ 37 0 ] [ 9 22 ] ] # $
[ 16.00488281 [ 5 0 ] [ 50 0 ] [ 15 22 ] ] # %
[ 12.00585938 [ 5 0 ] [ 69 0 ] [ 11 22 ] ] # &
[ 3.436523438 [ 5 0 ] [ 84 0 ] [ 3 22 ] ] # '
[ 5.994140625 [ 5 0 ] [ 91 0 ] [ 5 22 ] ] # (
[ 5.994140625 [ 5 0 ] [ 100 0 ] [ 4 22 ] ] # )
[ 7.004882812 [ 5 0 ] [ 108 0 ] [ 6 22 ] ] # *
[ 10.51171875 [ 5 0 ] [ 118 0 ] [ 9 22 ] ] # +
[ 5.000976562 [ 6 0 ] [ 131 0 ] [ 2 22 ] ] # ,
[ 5.994140625 [ 5 0 ] [ 137 0 ] [ 5 22 ] ] # -
[ 5.000976562 [ 6 0 ] [ 146 0 ] [ 2 22 ] ] # .
[ 5.000976562 [ 4 0 ] [ 152 0 ] [ 6 22 ] ] # /
[ 10.01074219 [ 5 0 ] [ 162 0 ] [ 9 22 ] ] # 0
[ 10.01074219 [ 6 0 ] [ 175 0 ] [ 5 22 ] ] # 1
[ 10.01074219 [ 5 0 ] [ 184 0 ] [ 9 22 ] ] # 2
[ 10.01074219 [ 5 0 ] [ 197 0 ] [ 9 22 ] ] # 3
[ 10.01074219 [ 5 0 ] [ 210 0 ] [ 9 22 ] ] # 4
[ 10.01074219 [ 5 0 ] [ 223 0 ] [ 9 22 ] ] # 5
[ 10.01074219 [ 5 0 ] [ 236 0 ] [ 9 22 ] ] # 6
[ 10.01074219 [ 5 0 ] [ 2 22 ] [ 9 22 ] ] # 7
[ 10.01074219 [ 5 0 ] [ 15 22 ] [ 9 22 ] ] # 8
[ 10.01074219 [ 5 0 ] [ 28 22 ] [ 9 22 ] ] # 9
[ 5.000976562 [ 6 0 ] [ 41 22 ] [ 3 22 ] ] # :
[ 5.000976562 [ 6 0 ] [ 48 22 ] [ 3 22 ] ] # ;
[ 10.51171875 [ 5 0 ] [ 55 22 ] [ 9 22 ] ] # <
[ 10.51171875 [ 5 0 ] [ 68 22 ] [ 9 22 ] ] # =
[ 10.51171875 [ 5 0 ] [ 81 22 ] [ 10 22 ] ] # >
[ 10.01074219 [ 5 0 ] [ 95 22 ] [ 9 22 ] ] # ?
[ 18.27246094 [ 5 0 ] [ 108 22 ] [ 17 22 ] ] # @
[ 12.00585938 [ 4 0 ] [ 129 22 ] [ 13 22 ] ] # A
[ 12.00585938 [ 5 0 ] [ 146 22 ] [ 11 22 ] ] # B
[ 12.99902344 [ 5 0 ] [ 161 22 ] [ 12 22 ] ] # C
[ 12.99902344 [ 6 0 ] [ 177 22 ] [ 11 22 ] ] # D
[ 12.00585938 [ 6 0 ] [ 192 22 ] [ 10 22 ] ] # E
[ 10.99511719 [ 6 0 ] [ 206 22 ] [ 9 22 ] ] # F
[ 14.00097656 [ 5 0 ] [ 219 22 ] [ 13 22 ] ] # G
[ 12.99902344 [ 6 0 ] [ 236 22 ] [ 10 22 ] ] # H
[ 5.000976562 [ 6 0 ] [ 250 22 ] [ 2 22 ] ] # I
[ 9.0 [ 4 0 ] [ 2 44 ] [ 8 22 ] ] # J
[ 12.00585938 [ 5 0 ] [ 14 44 ] [ 12 22 ] ] # K
[ 10.01074219 [ 5 0 ] [ 30 44 ] [ 9 22 ] ] # L
[ 14.99414062 [ 5 0 ] [ 43 44 ] [ 14 22 ] ] # M
[ 12.99902344 [ 5 0 ] [ 61 44 ] [ 11 22 ] ] # N
[ 14.00097656 [ 5 0 ] [ 76 44 ] [ 13 22 ] ] # O
[ 12.00585938 [ 6 0 ] [ 93 44 ] [ 10 22 ] ] # P
[ 14.00097656 [ 5 0 ] [ 107 44 ] [ 13 22 ] ] # Q
[ 12.99902344 [ 6 0 ] [ 124 44 ] [ 11 22 ] ] # R
[ 12.00585938 [ 5 0 ] [ 139 44 ] [ 11 22 ] ] # S
[ 10.99511719 [ 4 0 ] [ 154 44 ] [ 11 22 ] ] # T
[ 12.99902344 [ 6 0 ] [ 169 44 ] [ 10 22 ] ] # U
[ 12.00585938 [ 5 0 ] [ 183 44 ] [ 11 22 ] ] # V
[ 16.98925781 [ 4 0 ] [ 198 44 ] [ 17 22 ] ] # W
[ 12.00585938 [ 4 0 ] [ 219 44 ] [ 12 22 ] ] # X
[ 12.00585938 [ 4 0 ] [ 235 44 ] [ 13 22 ] ] # Y
[ 10.99511719 [ 5 0 ] [ 2 66 ] [ 10 22 ] ] # Z
[ 5.000976562 [ 5 0 ] [ 16 66 ] [ 4 22 ] ] # [
[ 5.000976562 [ 4 0 ] [ 24 66 ] [ 6 22 ] ] # \
[ 5.000976562 [ 4 0 ] [ 34 66 ] [ 5 22 ] ] # ]
[ 8.446289062 [ 5 0 ] [ 43 66 ] [ 7 22 ] ] # ^
[ 10.01074219 [ 4 0 ] [ 54 66 ] [ 11 22 ] ] # _
[ 5.994140625 [ 5 0 ] [ 69 66 ] [ 3 22 ] ] # `
[ 10.01074219 [ 5 0 ] [ 76 66 ] [ 9 22 ] ] # a
[ 10.01074219 [ 5 0 ] [ 89 66 ] [ 9 22 ] ] # b
[ 9.0 [ 5 0 ] [ 102 66 ] [ 8 22 ] ] # c
[ 10.01074219 [ 4 0 ] [ 114 66 ] [ 10 22 ] ] # d
[ 10.01074219 [ 5 0 ] [ 128 66 ] [ 9 22 ] ] # e
[ 5.000976562 [ 4 0 ] [ 141 66 ] [ 5 22 ] ] # f
[ 10.01074219 [ 5 0 ] [ 150 66 ] [ 9 22 ] ] # g
[ 10.01074219 [ 5 0 ] [ 163 66 ] [ 9 22 ] ] # h
[ 3.999023438 [ 5 0 ] [ 176 66 ] [ 3 22 ] ] # i
[ 3.999023438 [ 4 0 ] [ 183 66 ] [ 4 22 ] ] # j
[ 9.0 [ 5 0 ] [ 191 66 ] [ 9 22 ] ] # k
[ 3.999023438 [ 5 0 ] [ 204 66 ] [ 3 22 ] ] # l
[ 14.99414062 [ 5 0 ] [ 211 66 ] [ 14 22 ] ] # m
[ 10.01074219 [ 5 0 ] [ 229 66 ] [ 9 22 ] ] # n
[ 10.01074219 [ 5 0 ] [ 242 66 ] [ 9 22 ] ] # o
[ 10.01074219 [ 5 0 ] [ 2 88 ] [ 9 22 ] ] # p
[ 10.01074219 [ 4 0 ] [ 15 88 ] [ 10 22 ] ] # q
[ 5.994140625 [ 5 0 ] [ 29 88 ] [ 6 22 ] ] # r
[ 9.0 [ 5 0 ] [ 39 88 ] [ 8 22 ] ] # s
[ 5.000976562 [ 4 0 ] [ 51 88 ] [ 5 22 ] ] # t
[ 10.01074219 [ 5 0 ] [ 60 88 ] [ 9 22 ] ] # u
[ 9.0 [ 4 0 ] [ 73 88 ] [ 10 22 ] ] # v
[ 12.99902344 [ 4 0 ] [ 87 88 ] [ 14 22 ] ] # w
[ 9.0 [ 4 0 ] [ 105 88 ] [ 9 22 ] ] # x
[ 9.0 [ 4 0 ] [ 118 88 ] [ 9 22 ] ] # y
[ 9.0 [ 5 0 ] [ 131 88 ] [ 8 22 ] ] # z
[ 6.01171875 [ 5 0 ] [ 143 88 ] [ 5 22 ] ] # {
[ 4.67578125 [ 6 0 ] [ 152 88 ] [ 2 22 ] ] # |
[ 6.01171875 [ 5 0 ] [ 158 88 ] [ 5 22 ] ] # }
[ 10.51171875 [ 5 0 ] [ 167 88 ] [ 9 22 ] ] # ~
[ 7.007519531 [ 0 0 ] [ 180 88 ] [ 0 22 ] ] # 
