[ 4.2 [ 0 0 ] [ 2 0 ] [ 0 16 ] ] #  
[ 3.99609375 [ 6 0 ] [ 6 0 ] [ 2 16 ] ] # !
[ 4.8984375 [ 5 0 ] [ 12 0 ] [ 4 16 ] ] # "
[ 6.0 [ 4 0 ] [ 20 0 ] [ 7 16 ] ] # #
[ 6.0 [ 5 0 ] [ 31 0 ] [ 5 16 ] ] # $
[ 9.99609375 [ 5 0 ] [ 40 0 ] [ 9 16 ] ] # %
[ 9.333984375 [ 5 0 ] [ 53 0 ] [ 9 16 ] ] # &
[ 2.162109375 [ 5 0 ] [ 66 0 ] [ 2 16 ] ] # '
[ 3.99609375 [ 5 0 ] [ 72 0 ] [ 3 16 ] ] # (
[ 3.99609375 [ 4 0 ] [ 79 0 ] [ 4 16 ] ] # )
[ 6.0 [ 5 0 ] [ 87 0 ] [ 5 16 ] ] # *
[ 6.767578125 [ 4 0 ] [ 96 0 ] [ 7 16 ] ] # +
[ 3.0 [ 5 0 ] [ 107 0 ] [ 2 16 ] ] # ,
[ 3.99609375 [ 4 0 ] [ 113 0 ] [ 4 16 ] ] # -
[ 3.0 [ 5 0 ] [ 121 0 ] [ 2 16 ] ] # .
[ 3.333984375 [ 4 0 ] [ 2 16 ] [ 4 16 ] ] # /
[ 6.0 [ 4 0 ] [ 10 16 ] [ 7 16 ] ] # 0
[ 6.0 [ 5 0 ] [ 21 16 ] [ 5 16 ] ] # 1
[ 6.0 [ 4 0 ] [ 30 16 ] [ 6 16 ] ] # 2
[ 6.0 [ 5 0 ] [ 40 16 ] [ 5 16 ] ] # 3
[ 6.0 [ 4 0 ] [ 49 16 ] [ 6 16 ] ] # 4
[ 6.0 [ 4 0 ] [ 59 16 ] [ 6 16 ] ] # 5
[ 6.0 [ 4 0 ] [ 69 16 ] [ 6 16 ] ] # 6
[ 6.0 [ 4 0 ] [ 79 16 ] [ 6 16 ] ] # 7
[ 6.0 [ 5 0 ] [ 89 16 ] [ 5 16 ] ] # 8
[ 6.0 [ 4 0 ] [ 98 16 ] [ 6 16 ] ] # 9
[ 3.333984375 [ 5 0 ] [ 108 16 ] [ 2 16 ] ] # :
[ 3.333984375 [ 5 0 ] [ 114 16 ] [ 2 16 ] ] # ;
[ 6.767578125 [ 4 0 ] [ 2 32 ] [ 7 16 ] ] # <
[ 6.767578125 [ 4 0 ] [ 13 32 ] [ 7 16 ] ] # =
[ 6.767578125 [ 4 0 ] [ 24 32 ] [ 7 16 ] ] # >
[ 5.326171875 [ 5 0 ] [ 35 32 ] [ 5 16 ] ] # ?
[ 11.05078125 [ 5 0 ] [ 44 32 ] [ 9 16 ] ] # @
[ 8.666015625 [ 4 0 ] [ 57 32 ] [ 9 16 ] ] # A
[ 8.00390625 [ 4 0 ] [ 70 32 ] [ 8 16 ] ] # B
[ 8.00390625 [ 4 0 ] [ 82 32 ] [ 8 16 ] ] # C
[ 8.666015625 [ 4 0 ] [ 94 32 ] [ 9 16 ] ] # D
[ 7.330078125 [ 4 0 ] [ 107 32 ] [ 8 16 ] ] # E
[ 6.673828125 [ 4 0 ] [ 119 32 ] [ 7 16 ] ] # F
[ 8.666015625 [ 4 0 ] [ 2 48 ] [ 9 16 ] ] # G
[ 8.666015625 [ 4 0 ] [ 15 48 ] [ 9 16 ] ] # H
[ 3.99609375 [ 4 0 ] [ 28 48 ] [ 5 16 ] ] # I
[ 4.669921875 [ 4 0 ] [ 37 48 ] [ 5 16 ] ] # J
[ 8.666015625 [ 4 0 ] [ 46 48 ] [ 9 16 ] ] # K
[ 7.330078125 [ 4 0 ] [ 59 48 ] [ 8 16 ] ] # L
[ 10.66992188 [ 4 0 ] [ 71 48 ] [ 11 16 ] ] # M
[ 8.666015625 [ 4 0 ] [ 86 48 ] [ 9 16 ] ] # N
[ 8.666015625 [ 4 0 ] [ 99 48 ] [ 9 16 ] ] # O
[ 6.673828125 [ 4 0 ] [ 112 48 ] [ 7 16 ] ] # P
[ 8.666015625 [ 4 0 ] [ 2 64 ] [ 9 16 ] ] # Q
[ 8.00390625 [ 4 0 ] [ 15 64 ] [ 9 16 ] ] # R
[ 6.673828125 [ 5 0 ] [ 28 64 ] [ 6 16 ] ] # S
[ 7.330078125 [ 4 0 ] [ 38 64 ] [ 8 16 ] ] # T
[ 8.666015625 [ 4 0 ] [ 50 64 ] [ 9 16 ] ] # U
[ 8.666015625 [ 4 0 ] [ 63 64 ] [ 9 16 ] ] # V
[ 11.32617188 [ 4 0 ] [ 76 64 ] [ 12 16 ] ] # W
[ 8.666015625 [ 4 0 ] [ 92 64 ] [ 9 16 ] ] # X
[ 8.666015625 [ 4 0 ] [ 105 64 ] [ 9 16 ] ] # Y
[ 7.330078125 [ 4 0 ] [ 118 64 ] [ 8 16 ] ] # Z
[ 3.99609375 [ 5 0 ] [ 2 80 ] [ 3 16 ] ] # [
[ 3.333984375 [ 4 0 ] [ 9 80 ] [ 4 16 ] ] # \
[ 3.99609375 [ 4 0 ] [ 17 80 ] [ 4 16 ] ] # ]
[ 5.630859375 [ 4 0 ] [ 25 80 ] [ 6 16 ] ] # ^
[ 6.0 [ 4 0 ] [ 35 80 ] [ 7 16 ] ] # _
[ 3.99609375 [ 5 0 ] [ 46 80 ] [ 3 16 ] ] # `
[ 5.326171875 [ 4 0 ] [ 53 80 ] [ 6 16 ] ] # a
[ 6.0 [ 4 0 ] [ 63 80 ] [ 6 16 ] ] # b
[ 5.326171875 [ 4 0 ] [ 73 80 ] [ 6 16 ] ] # c
[ 6.0 [ 4 0 ] [ 83 80 ] [ 7 16 ] ] # d
[ 5.326171875 [ 4 0 ] [ 94 80 ] [ 6 16 ] ] # e
[ 3.99609375 [ 4 0 ] [ 104 80 ] [ 5 16 ] ] # f
[ 6.0 [ 4 0 ] [ 113 80 ] [ 6 16 ] ] # g
[ 6.0 [ 4 0 ] [ 2 96 ] [ 7 16 ] ] # h
[ 3.333984375 [ 4 0 ] [ 13 96 ] [ 4 16 ] ] # i
[ 3.333984375 [ 3 0 ] [ 21 96 ] [ 4 16 ] ] # j
[ 6.0 [ 4 0 ] [ 29 96 ] [ 7 16 ] ] # k
[ 3.333984375 [ 4 0 ] [ 40 96 ] [ 4 16 ] ] # l
[ 9.333984375 [ 4 0 ] [ 48 96 ] [ 10 16 ] ] # m
[ 6.0 [ 4 0 ] [ 62 96 ] [ 7 16 ] ] # n
[ 6.0 [ 4 0 ] [ 73 96 ] [ 6 16 ] ] # o
[ 6.0 [ 4 0 ] [ 83 96 ] [ 6 16 ] ] # p
[ 6.0 [ 4 0 ] [ 93 96 ] [ 7 16 ] ] # q
[ 3.99609375 [ 4 0 ] [ 104 96 ] [ 5 16 ] ] # r
[ 4.669921875 [ 5 0 ] [ 113 96 ] [ 4 16 ] ] # s
[ 3.333984375 [ 4 0 ] [ 121 96 ] [ 4 16 ] ] # t
[ 6.0 [ 4 0 ] [ 2 112 ] [ 7 16 ] ] # u
[ 6.0 [ 4 0 ] [ 13 112 ] [ 7 16 ] ] # v
[ 8.666015625 [ 4 0 ] [ 24 112 ] [ 9 16 ] ] # w
[ 6.0 [ 4 0 ] [ 37 112 ] [ 7 16 ] ] # x
[ 6.0 [ 4 0 ] [ 48 112 ] [ 6 16 ] ] # y
[ 5.326171875 [ 4 0 ] [ 58 112 ] [ 6 16 ] ] # z
[ 5.759765625 [ 5 0 ] [ 68 112 ] [ 4 16 ] ] # {
[ 2.40234375 [ 5 0 ] [ 76 112 ] [ 1 16 ] ] # |
[ 5.759765625 [ 6 0 ] [ 81 112 ] [ 3 16 ] ] # }
[ 6.4921875 [ 5 0 ] [ 88 112 ] [ 6 16 ] ] # ~
[ 4.2 [ 0 0 ] [ 98 112 ] [ 0 16 ] ] # 
