[ 8.4 [ 0 0 ] [ 2 0 ] [ 0 28 ] ] #  
[ 7.9921875 [ 6 0 ] [ 6 0 ] [ 5 28 ] ] # !
[ 13.32421875 [ 6 0 ] [ 15 0 ] [ 10 28 ] ] # "
[ 12.0 [ 4 0 ] [ 29 0 ] [ 13 28 ] ] # #
[ 12.0 [ 5 0 ] [ 46 0 ] [ 11 28 ] ] # $
[ 24.0 [ 7 0 ] [ 61 0 ] [ 19 28 ] ] # %
[ 19.9921875 [ 5 0 ] [ 84 0 ] [ 19 28 ] ] # &
[ 6.66796875 [ 6 0 ] [ 107 0 ] [ 5 28 ] ] # '
[ 7.9921875 [ 5 0 ] [ 116 0 ] [ 7 28 ] ] # (
[ 7.9921875 [ 5 0 ] [ 127 0 ] [ 7 28 ] ] # )
[ 12.0 [ 5 0 ] [ 138 0 ] [ 11 28 ] ] # *
[ 13.67578125 [ 5 0 ] [ 153 0 ] [ 13 28 ] ] # +
[ 6.0 [ 5 0 ] [ 170 0 ] [ 5 28 ] ] # ,
[ 7.9921875 [ 5 0 ] [ 179 0 ] [ 7 28 ] ] # -
[ 6.0 [ 5 0 ] [ 190 0 ] [ 5 28 ] ] # .
[ 6.66796875 [ 3 0 ] [ 199 0 ] [ 9 28 ] ] # /
[ 12.0 [ 5 0 ] [ 212 0 ] [ 11 28 ] ] # 0
[ 12.0 [ 6 0 ] [ 227 0 ] [ 9 28 ] ] # 1
[ 12.0 [ 4 0 ] [ 240 0 ] [ 12 28 ] ] # 2
[ 12.0 [ 4 0 ] [ 2 28 ] [ 12 28 ] ] # 3
[ 12.0 [ 4 0 ] [ 18 28 ] [ 12 28 ] ] # 4
[ 12.0 [ 5 0 ] [ 34 28 ] [ 11 28 ] ] # 5
[ 12.0 [ 5 0 ] [ 49 28 ] [ 11 28 ] ] # 6
[ 12.0 [ 4 0 ] [ 64 28 ] [ 12 28 ] ] # 7
[ 12.0 [ 5 0 ] [ 80 28 ] [ 11 28 ] ] # 8
[ 12.0 [ 5 0 ] [ 95 28 ] [ 11 28 ] ] # 9
[ 7.9921875 [ 6 0 ] [ 110 28 ] [ 5 28 ] ] # :
[ 7.9921875 [ 6 0 ] [ 119 28 ] [ 5 28 ] ] # ;
[ 13.67578125 [ 5 0 ] [ 128 28 ] [ 13 28 ] ] # <
[ 13.67578125 [ 5 0 ] [ 145 28 ] [ 13 28 ] ] # =
[ 13.67578125 [ 5 0 ] [ 162 28 ] [ 13 28 ] ] # >
[ 12.0 [ 5 0 ] [ 179 28 ] [ 10 28 ] ] # ?
[ 22.32421875 [ 7 0 ] [ 193 28 ] [ 18 28 ] ] # @
[ 17.33203125 [ 4 0 ] [ 215 28 ] [ 17 28 ] ] # A
[ 16.0078125 [ 4 0 ] [ 236 28 ] [ 16 28 ] ] # B
[ 17.33203125 [ 5 0 ] [ 2 56 ] [ 16 28 ] ] # C
[ 17.33203125 [ 4 0 ] [ 22 56 ] [ 17 28 ] ] # D
[ 16.0078125 [ 4 0 ] [ 43 56 ] [ 16 28 ] ] # E
[ 14.66015625 [ 4 0 ] [ 63 56 ] [ 15 28 ] ] # F
[ 18.66796875 [ 5 0 ] [ 82 56 ] [ 18 28 ] ] # G
[ 18.66796875 [ 5 0 ] [ 104 56 ] [ 18 28 ] ] # H
[ 9.33984375 [ 4 0 ] [ 126 56 ] [ 10 28 ] ] # I
[ 12.0 [ 4 0 ] [ 140 56 ] [ 12 28 ] ] # J
[ 18.66796875 [ 5 0 ] [ 156 56 ] [ 18 28 ] ] # K
[ 16.0078125 [ 4 0 ] [ 178 56 ] [ 16 28 ] ] # L
[ 22.65234375 [ 4 0 ] [ 198 56 ] [ 23 28 ] ] # M
[ 17.33203125 [ 4 0 ] [ 225 56 ] [ 18 28 ] ] # N
[ 18.66796875 [ 5 0 ] [ 2 84 ] [ 18 28 ] ] # O
[ 14.66015625 [ 4 0 ] [ 24 84 ] [ 15 28 ] ] # P
[ 18.66796875 [ 5 0 ] [ 43 84 ] [ 18 28 ] ] # Q
[ 17.33203125 [ 5 0 ] [ 65 84 ] [ 17 28 ] ] # R
[ 13.34765625 [ 5 0 ] [ 86 84 ] [ 12 28 ] ] # S
[ 16.0078125 [ 5 0 ] [ 102 84 ] [ 15 28 ] ] # T
[ 17.33203125 [ 4 0 ] [ 121 84 ] [ 18 28 ] ] # U
[ 17.33203125 [ 4 0 ] [ 143 84 ] [ 18 28 ] ] # V
[ 24.0 [ 4 0 ] [ 165 84 ] [ 24 28 ] ] # W
[ 17.33203125 [ 4 0 ] [ 193 84 ] [ 18 28 ] ] # X
[ 17.33203125 [ 4 0 ] [ 215 84 ] [ 18 28 ] ] # Y
[ 16.0078125 [ 5 0 ] [ 237 84 ] [ 15 28 ] ] # Z
[ 7.9921875 [ 6 0 ] [ 2 112 ] [ 6 28 ] ] # [
[ 6.66796875 [ 3 0 ] [ 12 112 ] [ 9 28 ] ] # \
[ 7.9921875 [ 5 0 ] [ 25 112 ] [ 6 28 ] ] # ]
[ 13.9453125 [ 6 0 ] [ 35 112 ] [ 11 28 ] ] # ^
[ 12.0 [ 4 0 ] [ 50 112 ] [ 13 28 ] ] # _
[ 7.9921875 [ 6 0 ] [ 67 112 ] [ 5 28 ] ] # `
[ 12.0 [ 5 0 ] [ 76 112 ] [ 11 28 ] ] # a
[ 13.34765625 [ 4 0 ] [ 91 112 ] [ 13 28 ] ] # b
[ 10.65234375 [ 5 0 ] [ 108 112 ] [ 10 28 ] ] # c
[ 13.34765625 [ 5 0 ] [ 122 112 ] [ 13 28 ] ] # d
[ 10.65234375 [ 5 0 ] [ 139 112 ] [ 10 28 ] ] # e
[ 7.9921875 [ 4 0 ] [ 153 112 ] [ 10 28 ] ] # f
[ 12.0 [ 5 0 ] [ 167 112 ] [ 11 28 ] ] # g
[ 13.34765625 [ 4 0 ] [ 182 112 ] [ 14 28 ] ] # h
[ 6.66796875 [ 4 0 ] [ 200 112 ] [ 7 28 ] ] # i
[ 7.9921875 [ 3 0 ] [ 211 112 ] [ 8 28 ] ] # j
[ 13.34765625 [ 5 0 ] [ 223 112 ] [ 13 28 ] ] # k
[ 6.66796875 [ 4 0 ] [ 240 112 ] [ 7 28 ] ] # l
[ 19.9921875 [ 4 0 ] [ 2 140 ] [ 20 28 ] ] # m
[ 13.34765625 [ 5 0 ] [ 26 140 ] [ 13 28 ] ] # n
[ 12.0 [ 5 0 ] [ 43 140 ] [ 11 28 ] ] # o
[ 13.34765625 [ 4 0 ] [ 58 140 ] [ 13 28 ] ] # p
[ 13.34765625 [ 5 0 ] [ 75 140 ] [ 13 28 ] ] # q
[ 10.65234375 [ 5 0 ] [ 92 140 ] [ 10 28 ] ] # r
[ 9.33984375 [ 5 0 ] [ 106 140 ] [ 9 28 ] ] # s
[ 7.9921875 [ 4 0 ] [ 119 140 ] [ 9 28 ] ] # t
[ 13.34765625 [ 4 0 ] [ 132 140 ] [ 14 28 ] ] # u
[ 12.0 [ 5 0 ] [ 150 140 ] [ 11 28 ] ] # v
[ 17.33203125 [ 5 0 ] [ 165 140 ] [ 17 28 ] ] # w
[ 12.0 [ 4 0 ] [ 186 140 ] [ 12 28 ] ] # x
[ 12.0 [ 4 0 ] [ 202 140 ] [ 12 28 ] ] # y
[ 10.65234375 [ 5 0 ] [ 218 140 ] [ 10 28 ] ] # z
[ 9.45703125 [ 5 0 ] [ 232 140 ] [ 8 28 ] ] # {
[ 5.28515625 [ 6 0 ] [ 244 140 ] [ 3 28 ] ] # |
[ 9.45703125 [ 5 0 ] [ 2 168 ] [ 9 28 ] ] # }
[ 12.48046875 [ 5 0 ] [ 15 168 ] [ 12 28 ] ] # ~
[ 8.4 [ 0 0 ] [ 31 168 ] [ 0 28 ] ] # 
