[ 3.736523437 [ 0 0 ] [ 2 0 ] [ 0 16 ] ] #  
[ 3.193359375 [ 5 0 ] [ 6 0 ] [ 2 16 ] ] # !
[ 4.546875 [ 5 0 ] [ 12 0 ] [ 4 16 ] ] # "
[ 5.337890625 [ 4 0 ] [ 20 0 ] [ 6 16 ] ] # #
[ 5.337890625 [ 4 0 ] [ 30 0 ] [ 6 16 ] ] # $
[ 8.53125 [ 4 0 ] [ 40 0 ] [ 9 16 ] ] # %
[ 6.931640625 [ 5 0 ] [ 53 0 ] [ 7 16 ] ] # &
[ 2.279296875 [ 5 0 ] [ 64 0 ] [ 2 16 ] ] # '
[ 3.193359375 [ 4 0 ] [ 70 0 ] [ 4 16 ] ] # (
[ 3.193359375 [ 4 0 ] [ 78 0 ] [ 4 16 ] ] # )
[ 3.732421875 [ 4 0 ] [ 86 0 ] [ 4 16 ] ] # *
[ 5.6015625 [ 4 0 ] [ 94 0 ] [ 6 16 ] ] # +
[ 2.666015625 [ 5 0 ] [ 104 0 ] [ 2 16 ] ] # ,
[ 3.193359375 [ 4 0 ] [ 110 0 ] [ 4 16 ] ] # -
[ 2.666015625 [ 5 0 ] [ 118 0 ] [ 2 16 ] ] # .
[ 2.666015625 [ 4 0 ] [ 2 16 ] [ 4 16 ] ] # /
[ 5.337890625 [ 4 0 ] [ 10 16 ] [ 6 16 ] ] # 0
[ 5.337890625 [ 5 0 ] [ 20 16 ] [ 4 16 ] ] # 1
[ 5.337890625 [ 4 0 ] [ 28 16 ] [ 6 16 ] ] # 2
[ 5.337890625 [ 4 0 ] [ 38 16 ] [ 6 16 ] ] # 3
[ 5.337890625 [ 4 0 ] [ 48 16 ] [ 6 16 ] ] # 4
[ 5.337890625 [ 4 0 ] [ 58 16 ] [ 6 16 ] ] # 5
[ 5.337890625 [ 4 0 ] [ 68 16 ] [ 6 16 ] ] # 6
[ 5.337890625 [ 4 0 ] [ 78 16 ] [ 6 16 ] ] # 7
[ 5.337890625 [ 4 0 ] [ 88 16 ] [ 6 16 ] ] # 8
[ 5.337890625 [ 4 0 ] [ 98 16 ] [ 6 16 ] ] # 9
[ 3.193359375 [ 5 0 ] [ 108 16 ] [ 2 16 ] ] # :
[ 3.193359375 [ 5 0 ] [ 114 16 ] [ 2 16 ] ] # ;
[ 5.6015625 [ 4 0 ] [ 120 16 ] [ 6 16 ] ] # <
[ 5.6015625 [ 4 0 ] [ 2 32 ] [ 6 16 ] ] # =
[ 5.6015625 [ 4 0 ] [ 12 32 ] [ 6 16 ] ] # >
[ 5.859375 [ 5 0 ] [ 22 32 ] [ 5 16 ] ] # ?
[ 9.357421875 [ 5 0 ] [ 31 32 ] [ 8 16 ] ] # @
[ 6.931640625 [ 4 0 ] [ 43 32 ] [ 8 16 ] ] # A
[ 6.931640625 [ 5 0 ] [ 55 32 ] [ 6 16 ] ] # B
[ 6.931640625 [ 4 0 ] [ 65 32 ] [ 8 16 ] ] # C
[ 6.931640625 [ 5 0 ] [ 77 32 ] [ 6 16 ] ] # D
[ 6.3984375 [ 5 0 ] [ 87 32 ] [ 6 16 ] ] # E
[ 5.859375 [ 5 0 ] [ 97 32 ] [ 6 16 ] ] # F
[ 7.46484375 [ 4 0 ] [ 107 32 ] [ 8 16 ] ] # G
[ 6.931640625 [ 5 0 ] [ 119 32 ] [ 6 16 ] ] # H
[ 2.666015625 [ 5 0 ] [ 2 48 ] [ 2 16 ] ] # I
[ 5.337890625 [ 4 0 ] [ 8 48 ] [ 6 16 ] ] # J
[ 6.931640625 [ 5 0 ] [ 18 48 ] [ 7 16 ] ] # K
[ 5.859375 [ 5 0 ] [ 29 48 ] [ 6 16 ] ] # L
[ 7.9921875 [ 5 0 ] [ 39 48 ] [ 7 16 ] ] # M
[ 6.931640625 [ 5 0 ] [ 50 48 ] [ 6 16 ] ] # N
[ 7.46484375 [ 4 0 ] [ 60 48 ] [ 8 16 ] ] # O
[ 6.3984375 [ 5 0 ] [ 72 48 ] [ 6 16 ] ] # P
[ 7.46484375 [ 4 0 ] [ 82 48 ] [ 8 16 ] ] # Q
[ 6.931640625 [ 5 0 ] [ 94 48 ] [ 7 16 ] ] # R
[ 6.3984375 [ 4 0 ] [ 105 48 ] [ 7 16 ] ] # S
[ 5.859375 [ 4 0 ] [ 116 48 ] [ 7 16 ] ] # T
[ 6.931640625 [ 5 0 ] [ 2 64 ] [ 6 16 ] ] # U
[ 6.3984375 [ 4 0 ] [ 12 64 ] [ 7 16 ] ] # V
[ 9.05859375 [ 4 0 ] [ 23 64 ] [ 10 16 ] ] # W
[ 6.3984375 [ 4 0 ] [ 37 64 ] [ 7 16 ] ] # X
[ 6.3984375 [ 4 0 ] [ 48 64 ] [ 7 16 ] ] # Y
[ 5.859375 [ 4 0 ] [ 59 64 ] [ 7 16 ] ] # Z
[ 3.193359375 [ 5 0 ] [ 70 64 ] [ 3 16 ] ] # [
[ 2.666015625 [ 4 0 ] [ 77 64 ] [ 4 16 ] ] # \
[ 3.193359375 [ 4 0 ] [ 85 64 ] [ 3 16 ] ] # ]
[ 5.6015625 [ 5 0 ] [ 92 64 ] [ 5 16 ] ] # ^
[ 5.337890625 [ 4 0 ] [ 101 64 ] [ 6 16 ] ] # _
[ 3.193359375 [ 5 0 ] [ 111 64 ] [ 2 16 ] ] # `
[ 5.337890625 [ 4 0 ] [ 117 64 ] [ 6 16 ] ] # a
[ 5.859375 [ 5 0 ] [ 2 80 ] [ 5 16 ] ] # b
[ 5.337890625 [ 4 0 ] [ 11 80 ] [ 6 16 ] ] # c
[ 5.859375 [ 4 0 ] [ 21 80 ] [ 6 16 ] ] # d
[ 5.337890625 [ 4 0 ] [ 31 80 ] [ 6 16 ] ] # e
[ 3.193359375 [ 4 0 ] [ 41 80 ] [ 4 16 ] ] # f
[ 5.859375 [ 4 0 ] [ 49 80 ] [ 6 16 ] ] # g
[ 5.859375 [ 5 0 ] [ 59 80 ] [ 5 16 ] ] # h
[ 2.666015625 [ 5 0 ] [ 68 80 ] [ 2 16 ] ] # i
[ 2.666015625 [ 4 0 ] [ 74 80 ] [ 3 16 ] ] # j
[ 5.337890625 [ 5 0 ] [ 81 80 ] [ 5 16 ] ] # k
[ 2.666015625 [ 5 0 ] [ 90 80 ] [ 2 16 ] ] # l
[ 8.53125 [ 5 0 ] [ 96 80 ] [ 8 16 ] ] # m
[ 5.859375 [ 5 0 ] [ 108 80 ] [ 5 16 ] ] # n
[ 5.859375 [ 4 0 ] [ 117 80 ] [ 6 16 ] ] # o
[ 5.859375 [ 5 0 ] [ 2 96 ] [ 5 16 ] ] # p
[ 5.859375 [ 4 0 ] [ 11 96 ] [ 6 16 ] ] # q
[ 3.732421875 [ 5 0 ] [ 21 96 ] [ 4 16 ] ] # r
[ 5.337890625 [ 4 0 ] [ 29 96 ] [ 6 16 ] ] # s
[ 3.193359375 [ 4 0 ] [ 39 96 ] [ 4 16 ] ] # t
[ 5.859375 [ 5 0 ] [ 47 96 ] [ 5 16 ] ] # u
[ 5.337890625 [ 4 0 ] [ 56 96 ] [ 6 16 ] ] # v
[ 7.46484375 [ 4 0 ] [ 66 96 ] [ 8 16 ] ] # w
[ 5.337890625 [ 4 0 ] [ 78 96 ] [ 6 16 ] ] # x
[ 5.337890625 [ 4 0 ] [ 88 96 ] [ 6 16 ] ] # y
[ 4.798828125 [ 4 0 ] [ 98 96 ] [ 6 16 ] ] # z
[ 3.732421875 [ 4 0 ] [ 108 96 ] [ 4 16 ] ] # {
[ 2.68359375 [ 5 0 ] [ 116 96 ] [ 2 16 ] ] # |
[ 3.732421875 [ 4 0 ] [ 122 96 ] [ 4 16 ] ] # }
[ 5.6015625 [ 5 0 ] [ 2 112 ] [ 5 16 ] ] # ~
[ 3.736523437 [ 0 0 ] [ 11 112 ] [ 0 16 ] ] # 
