[ 4.359277344 [ 0 0 ] [ 2 0 ] [ 0 18 ] ] #  
[ 3.110351562 [ 5 0 ] [ 6 0 ] [ 2 18 ] ] # !
[ 3.971679688 [ 5 0 ] [ 12 0 ] [ 3 18 ] ] # "
[ 6.227539062 [ 4 0 ] [ 19 0 ] [ 7 18 ] ] # #
[ 6.227539062 [ 4 0 ] [ 30 0 ] [ 7 18 ] ] # $
[ 9.953125 [ 4 0 ] [ 41 0 ] [ 11 18 ] ] # %
[ 7.46484375 [ 5 0 ] [ 56 0 ] [ 7 18 ] ] # &
[ 2.1328125 [ 5 0 ] [ 67 0 ] [ 2 18 ] ] # '
[ 3.725585938 [ 5 0 ] [ 73 0 ] [ 3 18 ] ] # (
[ 3.725585938 [ 4 0 ] [ 80 0 ] [ 4 18 ] ] # )
[ 4.354492188 [ 4 0 ] [ 88 0 ] [ 5 18 ] ] # *
[ 6.53515625 [ 4 0 ] [ 97 0 ] [ 7 18 ] ] # +
[ 3.110351562 [ 5 0 ] [ 108 0 ] [ 2 18 ] ] # ,
[ 3.725585938 [ 5 0 ] [ 114 0 ] [ 3 18 ] ] # -
[ 3.110351562 [ 5 0 ] [ 121 0 ] [ 2 18 ] ] # .
[ 3.110351562 [ 4 0 ] [ 127 0 ] [ 4 18 ] ] # /
[ 6.227539062 [ 4 0 ] [ 135 0 ] [ 7 18 ] ] # 0
[ 6.227539062 [ 5 0 ] [ 146 0 ] [ 4 18 ] ] # 1
[ 6.227539062 [ 4 0 ] [ 154 0 ] [ 7 18 ] ] # 2
[ 6.227539062 [ 4 0 ] [ 165 0 ] [ 7 18 ] ] # 3
[ 6.227539062 [ 4 0 ] [ 176 0 ] [ 7 18 ] ] # 4
[ 6.227539062 [ 4 0 ] [ 187 0 ] [ 7 18 ] ] # 5
[ 6.227539062 [ 4 0 ] [ 198 0 ] [ 7 18 ] ] # 6
[ 6.227539062 [ 4 0 ] [ 209 0 ] [ 7 18 ] ] # 7
[ 6.227539062 [ 4 0 ] [ 220 0 ] [ 7 18 ] ] # 8
[ 6.227539062 [ 5 0 ] [ 231 0 ] [ 6 18 ] ] # 9
[ 3.110351562 [ 5 0 ] [ 241 0 ] [ 2 18 ] ] # :
[ 3.110351562 [ 5 0 ] [ 247 0 ] [ 2 18 ] ] # ;
[ 6.53515625 [ 5 0 ] [ 2 18 ] [ 6 18 ] ] # <
[ 6.53515625 [ 4 0 ] [ 12 18 ] [ 7 18 ] ] # =
[ 6.53515625 [ 5 0 ] [ 23 18 ] [ 6 18 ] ] # >
[ 6.227539062 [ 5 0 ] [ 33 18 ] [ 5 18 ] ] # ?
[ 11.36816406 [ 6 0 ] [ 42 18 ] [ 9 18 ] ] # @
[ 7.46484375 [ 4 0 ] [ 55 18 ] [ 8 18 ] ] # A
[ 7.46484375 [ 5 0 ] [ 67 18 ] [ 7 18 ] ] # B
[ 8.086914062 [ 4 0 ] [ 78 18 ] [ 9 18 ] ] # C
[ 8.086914062 [ 5 0 ] [ 91 18 ] [ 8 18 ] ] # D
[ 7.46484375 [ 5 0 ] [ 103 18 ] [ 7 18 ] ] # E
[ 6.8359375 [ 5 0 ] [ 114 18 ] [ 6 18 ] ] # F
[ 8.708984375 [ 5 0 ] [ 124 18 ] [ 8 18 ] ] # G
[ 8.086914062 [ 5 0 ] [ 136 18 ] [ 7 18 ] ] # H
[ 3.110351562 [ 5 0 ] [ 147 18 ] [ 2 18 ] ] # I
[ 5.598632812 [ 4 0 ] [ 153 18 ] [ 6 18 ] ] # J
[ 7.46484375 [ 5 0 ] [ 163 18 ] [ 7 18 ] ] # K
[ 6.227539062 [ 5 0 ] [ 174 18 ] [ 6 18 ] ] # L
[ 9.32421875 [ 5 0 ] [ 184 18 ] [ 8 18 ] ] # M
[ 8.086914062 [ 5 0 ] [ 196 18 ] [ 7 18 ] ] # N
[ 8.708984375 [ 4 0 ] [ 207 18 ] [ 9 18 ] ] # O
[ 7.46484375 [ 5 0 ] [ 220 18 ] [ 7 18 ] ] # P
[ 8.708984375 [ 4 0 ] [ 231 18 ] [ 9 18 ] ] # Q
[ 8.086914062 [ 5 0 ] [ 244 18 ] [ 8 18 ] ] # R
[ 7.46484375 [ 5 0 ] [ 2 36 ] [ 7 18 ] ] # S
[ 6.8359375 [ 4 0 ] [ 13 36 ] [ 8 18 ] ] # T
[ 8.086914062 [ 5 0 ] [ 25 36 ] [ 7 18 ] ] # U
[ 7.46484375 [ 4 0 ] [ 36 36 ] [ 8 18 ] ] # V
[ 10.56835938 [ 4 0 ] [ 48 36 ] [ 11 18 ] ] # W
[ 7.46484375 [ 4 0 ] [ 63 36 ] [ 8 18 ] ] # X
[ 7.46484375 [ 4 0 ] [ 75 36 ] [ 8 18 ] ] # Y
[ 6.8359375 [ 4 0 ] [ 87 36 ] [ 8 18 ] ] # Z
[ 3.110351562 [ 5 0 ] [ 99 36 ] [ 3 18 ] ] # [
[ 3.110351562 [ 4 0 ] [ 106 36 ] [ 4 18 ] ] # \
[ 3.110351562 [ 4 0 ] [ 114 36 ] [ 3 18 ] ] # ]
[ 5.25 [ 4 0 ] [ 121 36 ] [ 6 18 ] ] # ^
[ 6.227539062 [ 4 0 ] [ 131 36 ] [ 7 18 ] ] # _
[ 3.725585938 [ 5 0 ] [ 142 36 ] [ 2 18 ] ] # `
[ 6.227539062 [ 4 0 ] [ 148 36 ] [ 7 18 ] ] # a
[ 6.227539062 [ 5 0 ] [ 159 36 ] [ 6 18 ] ] # b
[ 5.598632812 [ 4 0 ] [ 169 36 ] [ 6 18 ] ] # c
[ 6.227539062 [ 4 0 ] [ 179 36 ] [ 7 18 ] ] # d
[ 6.227539062 [ 4 0 ] [ 190 36 ] [ 7 18 ] ] # e
[ 3.110351562 [ 4 0 ] [ 201 36 ] [ 4 18 ] ] # f
[ 6.227539062 [ 4 0 ] [ 209 36 ] [ 7 18 ] ] # g
[ 6.227539062 [ 5 0 ] [ 220 36 ] [ 5 18 ] ] # h
[ 2.48828125 [ 5 0 ] [ 229 36 ] [ 2 18 ] ] # i
[ 2.48828125 [ 4 0 ] [ 235 36 ] [ 3 18 ] ] # j
[ 5.598632812 [ 5 0 ] [ 242 36 ] [ 6 18 ] ] # k
[ 2.48828125 [ 5 0 ] [ 252 36 ] [ 2 18 ] ] # l
[ 9.32421875 [ 5 0 ] [ 2 54 ] [ 9 18 ] ] # m
[ 6.227539062 [ 5 0 ] [ 15 54 ] [ 5 18 ] ] # n
[ 6.227539062 [ 4 0 ] [ 24 54 ] [ 7 18 ] ] # o
[ 6.227539062 [ 5 0 ] [ 35 54 ] [ 6 18 ] ] # p
[ 6.227539062 [ 4 0 ] [ 45 54 ] [ 6 18 ] ] # q
[ 3.725585938 [ 5 0 ] [ 55 54 ] [ 4 18 ] ] # r
[ 5.598632812 [ 4 0 ] [ 63 54 ] [ 6 18 ] ] # s
[ 3.110351562 [ 4 0 ] [ 73 54 ] [ 4 18 ] ] # t
[ 6.227539062 [ 5 0 ] [ 81 54 ] [ 5 18 ] ] # u
[ 5.598632812 [ 4 0 ] [ 90 54 ] [ 6 18 ] ] # v
[ 8.086914062 [ 4 0 ] [ 100 54 ] [ 9 18 ] ] # w
[ 5.598632812 [ 4 0 ] [ 113 54 ] [ 6 18 ] ] # x
[ 5.598632812 [ 4 0 ] [ 123 54 ] [ 6 18 ] ] # y
[ 5.598632812 [ 4 0 ] [ 133 54 ] [ 6 18 ] ] # z
[ 3.739257812 [ 4 0 ] [ 143 54 ] [ 4 18 ] ] # {
[ 2.905273438 [ 5 0 ] [ 151 54 ] [ 2 18 ] ] # |
[ 3.739257812 [ 4 0 ] [ 157 54 ] [ 4 18 ] ] # }
[ 6.53515625 [ 5 0 ] [ 165 54 ] [ 6 18 ] ] # ~
[ 4.359277344 [ 0 0 ] [ 175 54 ] [ 0 18 ] ] # 
