[ 13.07783203 [ 0 0 ] [ 2 0 ] [ 0 46 ] ] #  
[ 9.331054688 [ 7 0 ] [ 6 0 ] [ 4 46 ] ] # !
[ 11.91503906 [ 6 0 ] [ 14 0 ] [ 9 46 ] ] # "
[ 18.68261719 [ 5 0 ] [ 27 0 ] [ 18 46 ] ] # #
[ 18.68261719 [ 5 0 ] [ 49 0 ] [ 18 46 ] ] # $
[ 29.859375 [ 5 0 ] [ 71 0 ] [ 29 46 ] ] # %
[ 22.39453125 [ 6 0 ] [ 104 0 ] [ 21 46 ] ] # &
[ 6.3984375 [ 6 0 ] [ 129 0 ] [ 4 46 ] ] # '
[ 11.17675781 [ 6 0 ] [ 137 0 ] [ 9 46 ] ] # (
[ 11.17675781 [ 5 0 ] [ 150 0 ] [ 9 46 ] ] # )
[ 13.06347656 [ 5 0 ] [ 163 0 ] [ 12 46 ] ] # *
[ 19.60546875 [ 5 0 ] [ 179 0 ] [ 19 46 ] ] # +
[ 9.331054688 [ 7 0 ] [ 202 0 ] [ 4 46 ] ] # ,
[ 11.17675781 [ 6 0 ] [ 210 0 ] [ 9 46 ] ] # -
[ 9.331054688 [ 7 0 ] [ 223 0 ] [ 4 46 ] ] # .
[ 9.331054688 [ 3 0 ] [ 231 0 ] [ 12 46 ] ] # /
[ 18.68261719 [ 5 0 ] [ 247 0 ] [ 18 46 ] ] # 0
[ 18.68261719 [ 7 0 ] [ 269 0 ] [ 10 46 ] ] # 1
[ 18.68261719 [ 5 0 ] [ 283 0 ] [ 17 46 ] ] # 2
[ 18.68261719 [ 5 0 ] [ 304 0 ] [ 18 46 ] ] # 3
[ 18.68261719 [ 5 0 ] [ 326 0 ] [ 18 46 ] ] # 4
[ 18.68261719 [ 5 0 ] [ 348 0 ] [ 17 46 ] ] # 5
[ 18.68261719 [ 5 0 ] [ 369 0 ] [ 18 46 ] ] # 6
[ 18.68261719 [ 5 0 ] [ 391 0 ] [ 18 46 ] ] # 7
[ 18.68261719 [ 5 0 ] [ 413 0 ] [ 18 46 ] ] # 8
[ 18.68261719 [ 6 0 ] [ 435 0 ] [ 16 46 ] ] # 9
[ 9.331054688 [ 7 0 ] [ 455 0 ] [ 4 46 ] ] # :
[ 9.331054688 [ 7 0 ] [ 463 0 ] [ 4 46 ] ] # ;
[ 19.60546875 [ 6 0 ] [ 471 0 ] [ 17 46 ] ] # <
[ 19.60546875 [ 5 0 ] [ 2 46 ] [ 19 46 ] ] # =
[ 19.60546875 [ 6 0 ] [ 25 46 ] [ 17 46 ] ] # >
[ 18.68261719 [ 6 0 ] [ 46 46 ] [ 16 46 ] ] # ?
[ 34.10449219 [ 9 0 ] [ 66 46 ] [ 26 46 ] ] # @
[ 22.39453125 [ 4 0 ] [ 96 46 ] [ 23 46 ] ] # A
[ 22.39453125 [ 7 0 ] [ 123 46 ] [ 19 46 ] ] # B
[ 24.26074219 [ 6 0 ] [ 146 46 ] [ 22 46 ] ] # C
[ 24.26074219 [ 7 0 ] [ 172 46 ] [ 21 46 ] ] # D
[ 22.39453125 [ 7 0 ] [ 197 46 ] [ 19 46 ] ] # E
[ 20.5078125 [ 7 0 ] [ 220 46 ] [ 18 46 ] ] # F
[ 26.12695312 [ 6 0 ] [ 242 46 ] [ 23 46 ] ] # G
[ 24.26074219 [ 7 0 ] [ 269 46 ] [ 20 46 ] ] # H
[ 9.331054688 [ 7 0 ] [ 293 46 ] [ 4 46 ] ] # I
[ 16.79589844 [ 5 0 ] [ 301 46 ] [ 15 46 ] ] # J
[ 22.39453125 [ 7 0 ] [ 320 46 ] [ 21 46 ] ] # K
[ 18.68261719 [ 7 0 ] [ 345 46 ] [ 16 46 ] ] # L
[ 27.97265625 [ 7 0 ] [ 365 46 ] [ 24 46 ] ] # M
[ 24.26074219 [ 7 0 ] [ 393 46 ] [ 20 46 ] ] # N
[ 26.12695312 [ 5 0 ] [ 417 46 ] [ 25 46 ] ] # O
[ 22.39453125 [ 7 0 ] [ 446 46 ] [ 19 46 ] ] # P
[ 26.12695312 [ 5 0 ] [ 469 46 ] [ 25 46 ] ] # Q
[ 24.26074219 [ 7 0 ] [ 2 92 ] [ 21 46 ] ] # R
[ 22.39453125 [ 6 0 ] [ 27 92 ] [ 20 46 ] ] # S
[ 20.5078125 [ 4 0 ] [ 51 92 ] [ 21 46 ] ] # T
[ 24.26074219 [ 7 0 ] [ 76 92 ] [ 20 46 ] ] # U
[ 22.39453125 [ 5 0 ] [ 100 92 ] [ 22 46 ] ] # V
[ 31.70507812 [ 5 0 ] [ 126 92 ] [ 32 46 ] ] # W
[ 22.39453125 [ 5 0 ] [ 162 92 ] [ 22 46 ] ] # X
[ 22.39453125 [ 5 0 ] [ 188 92 ] [ 22 46 ] ] # Y
[ 20.5078125 [ 5 0 ] [ 214 92 ] [ 20 46 ] ] # Z
[ 9.331054688 [ 6 0 ] [ 238 92 ] [ 7 46 ] ] # [
[ 9.331054688 [ 3 0 ] [ 249 92 ] [ 12 46 ] ] # \
[ 9.331054688 [ 5 0 ] [ 265 92 ] [ 7 46 ] ] # ]
[ 15.75 [ 4 0 ] [ 276 92 ] [ 17 46 ] ] # ^
[ 18.68261719 [ 4 0 ] [ 297 92 ] [ 20 46 ] ] # _
[ 11.17675781 [ 6 0 ] [ 321 92 ] [ 5 46 ] ] # `
[ 18.68261719 [ 5 0 ] [ 330 92 ] [ 18 46 ] ] # a
[ 18.68261719 [ 6 0 ] [ 352 92 ] [ 17 46 ] ] # b
[ 16.79589844 [ 5 0 ] [ 373 92 ] [ 16 46 ] ] # c
[ 18.68261719 [ 5 0 ] [ 393 92 ] [ 17 46 ] ] # d
[ 18.68261719 [ 5 0 ] [ 414 92 ] [ 18 46 ] ] # e
[ 9.331054688 [ 4 0 ] [ 436 92 ] [ 10 46 ] ] # f
[ 18.68261719 [ 5 0 ] [ 450 92 ] [ 17 46 ] ] # g
[ 18.68261719 [ 6 0 ] [ 471 92 ] [ 16 46 ] ] # h
[ 7.46484375 [ 6 0 ] [ 491 92 ] [ 4 46 ] ] # i
[ 7.46484375 [ 3 0 ] [ 499 92 ] [ 7 46 ] ] # j
[ 16.79589844 [ 6 0 ] [ 2 138 ] [ 16 46 ] ] # k
[ 7.46484375 [ 6 0 ] [ 22 138 ] [ 4 46 ] ] # l
[ 27.97265625 [ 6 0 ] [ 30 138 ] [ 25 46 ] ] # m
[ 18.68261719 [ 6 0 ] [ 59 138 ] [ 16 46 ] ] # n
[ 18.68261719 [ 5 0 ] [ 79 138 ] [ 18 46 ] ] # o
[ 18.68261719 [ 6 0 ] [ 101 138 ] [ 17 46 ] ] # p
[ 18.68261719 [ 5 0 ] [ 122 138 ] [ 17 46 ] ] # q
[ 11.17675781 [ 7 0 ] [ 143 138 ] [ 9 46 ] ] # r
[ 16.79589844 [ 5 0 ] [ 156 138 ] [ 16 46 ] ] # s
[ 9.331054688 [ 4 0 ] [ 176 138 ] [ 10 46 ] ] # t
[ 18.68261719 [ 6 0 ] [ 190 138 ] [ 16 46 ] ] # u
[ 16.79589844 [ 4 0 ] [ 210 138 ] [ 18 46 ] ] # v
[ 24.26074219 [ 4 0 ] [ 232 138 ] [ 25 46 ] ] # w
[ 16.79589844 [ 4 0 ] [ 261 138 ] [ 18 46 ] ] # x
[ 16.79589844 [ 4 0 ] [ 283 138 ] [ 18 46 ] ] # y
[ 16.79589844 [ 5 0 ] [ 305 138 ] [ 16 46 ] ] # z
[ 11.21777344 [ 5 0 ] [ 325 138 ] [ 10 46 ] ] # {
[ 8.715820312 [ 7 0 ] [ 339 138 ] [ 4 46 ] ] # |
[ 11.21777344 [ 5 0 ] [ 347 138 ] [ 10 46 ] ] # }
[ 19.60546875 [ 6 0 ] [ 361 138 ] [ 17 46 ] ] # ~
[ 13.07783203 [ 0 0 ] [ 382 138 ] [ 0 46 ] ] # 
