[ 6.22890625 [ 0 0 ] [ 2 0 ] [ 0 20 ] ] #  
[ 5.328125 [ 6 0 ] [ 6 0 ] [ 3 20 ] ] # !
[ 7.5859375 [ 5 0 ] [ 13 0 ] [ 7 20 ] ] # "
[ 8.8984375 [ 4 0 ] [ 24 0 ] [ 10 20 ] ] # #
[ 8.8984375 [ 4 0 ] [ 38 0 ] [ 9 20 ] ] # $
[ 14.2265625 [ 4 0 ] [ 51 0 ] [ 15 20 ] ] # %
[ 11.5546875 [ 5 0 ] [ 70 0 ] [ 11 20 ] ] # &
[ 3.8046875 [ 5 0 ] [ 85 0 ] [ 3 20 ] ] # '
[ 5.328125 [ 5 0 ] [ 92 0 ] [ 5 20 ] ] # (
[ 5.328125 [ 4 0 ] [ 101 0 ] [ 5 20 ] ] # )
[ 6.2265625 [ 4 0 ] [ 110 0 ] [ 7 20 ] ] # *
[ 9.34375 [ 5 0 ] [ 121 0 ] [ 8 20 ] ] # +
[ 4.4453125 [ 5 0 ] [ 133 0 ] [ 3 20 ] ] # ,
[ 5.328125 [ 4 0 ] [ 140 0 ] [ 6 20 ] ] # -
[ 4.4453125 [ 5 0 ] [ 150 0 ] [ 3 20 ] ] # .
[ 4.4453125 [ 4 0 ] [ 157 0 ] [ 5 20 ] ] # /
[ 8.8984375 [ 4 0 ] [ 166 0 ] [ 9 20 ] ] # 0
[ 8.8984375 [ 5 0 ] [ 179 0 ] [ 6 20 ] ] # 1
[ 8.8984375 [ 4 0 ] [ 189 0 ] [ 9 20 ] ] # 2
[ 8.8984375 [ 4 0 ] [ 202 0 ] [ 9 20 ] ] # 3
[ 8.8984375 [ 4 0 ] [ 215 0 ] [ 9 20 ] ] # 4
[ 8.8984375 [ 4 0 ] [ 228 0 ] [ 9 20 ] ] # 5
[ 8.8984375 [ 5 0 ] [ 241 0 ] [ 8 20 ] ] # 6
[ 8.8984375 [ 4 0 ] [ 2 20 ] [ 9 20 ] ] # 7
[ 8.8984375 [ 4 0 ] [ 15 20 ] [ 9 20 ] ] # 8
[ 8.8984375 [ 4 0 ] [ 28 20 ] [ 9 20 ] ] # 9
[ 5.328125 [ 6 0 ] [ 41 20 ] [ 3 20 ] ] # :
[ 5.328125 [ 6 0 ] [ 48 20 ] [ 3 20 ] ] # ;
[ 9.34375 [ 5 0 ] [ 55 20 ] [ 8 20 ] ] # <
[ 9.34375 [ 5 0 ] [ 67 20 ] [ 8 20 ] ] # =
[ 9.34375 [ 5 0 ] [ 79 20 ] [ 8 20 ] ] # >
[ 9.7734375 [ 5 0 ] [ 91 20 ] [ 9 20 ] ] # ?
[ 15.6015625 [ 4 0 ] [ 104 20 ] [ 16 20 ] ] # @
[ 11.5546875 [ 4 0 ] [ 124 20 ] [ 12 20 ] ] # A
[ 11.5546875 [ 5 0 ] [ 140 20 ] [ 10 20 ] ] # B
[ 11.5546875 [ 5 0 ] [ 154 20 ] [ 11 20 ] ] # C
[ 11.5546875 [ 5 0 ] [ 169 20 ] [ 11 20 ] ] # D
[ 10.671875 [ 5 0 ] [ 184 20 ] [ 10 20 ] ] # E
[ 9.7734375 [ 5 0 ] [ 198 20 ] [ 9 20 ] ] # F
[ 12.4453125 [ 5 0 ] [ 211 20 ] [ 11 20 ] ] # G
[ 11.5546875 [ 5 0 ] [ 226 20 ] [ 10 20 ] ] # H
[ 4.4453125 [ 5 0 ] [ 240 20 ] [ 3 20 ] ] # I
[ 8.8984375 [ 4 0 ] [ 2 40 ] [ 9 20 ] ] # J
[ 11.5546875 [ 5 0 ] [ 15 40 ] [ 11 20 ] ] # K
[ 9.7734375 [ 5 0 ] [ 30 40 ] [ 9 20 ] ] # L
[ 13.328125 [ 5 0 ] [ 43 40 ] [ 12 20 ] ] # M
[ 11.5546875 [ 5 0 ] [ 59 40 ] [ 10 20 ] ] # N
[ 12.4453125 [ 5 0 ] [ 73 40 ] [ 12 20 ] ] # O
[ 10.671875 [ 5 0 ] [ 89 40 ] [ 10 20 ] ] # P
[ 12.4453125 [ 5 0 ] [ 103 40 ] [ 12 20 ] ] # Q
[ 11.5546875 [ 5 0 ] [ 119 40 ] [ 11 20 ] ] # R
[ 10.671875 [ 5 0 ] [ 134 40 ] [ 10 20 ] ] # S
[ 9.7734375 [ 4 0 ] [ 148 40 ] [ 10 20 ] ] # T
[ 11.5546875 [ 5 0 ] [ 162 40 ] [ 10 20 ] ] # U
[ 10.671875 [ 4 0 ] [ 176 40 ] [ 11 20 ] ] # V
[ 15.1015625 [ 4 0 ] [ 191 40 ] [ 16 20 ] ] # W
[ 10.671875 [ 4 0 ] [ 211 40 ] [ 11 20 ] ] # X
[ 10.671875 [ 4 0 ] [ 226 40 ] [ 11 20 ] ] # Y
[ 9.7734375 [ 4 0 ] [ 241 40 ] [ 10 20 ] ] # Z
[ 5.328125 [ 5 0 ] [ 2 60 ] [ 5 20 ] ] # [
[ 4.4453125 [ 4 0 ] [ 11 60 ] [ 5 20 ] ] # \
[ 5.328125 [ 4 0 ] [ 20 60 ] [ 5 20 ] ] # ]
[ 9.34375 [ 5 0 ] [ 29 60 ] [ 8 20 ] ] # ^
[ 8.8984375 [ 4 0 ] [ 41 60 ] [ 10 20 ] ] # _
[ 5.328125 [ 5 0 ] [ 55 60 ] [ 3 20 ] ] # `
[ 8.8984375 [ 4 0 ] [ 62 60 ] [ 9 20 ] ] # a
[ 9.7734375 [ 5 0 ] [ 75 60 ] [ 9 20 ] ] # b
[ 8.8984375 [ 5 0 ] [ 88 60 ] [ 8 20 ] ] # c
[ 9.7734375 [ 4 0 ] [ 100 60 ] [ 10 20 ] ] # d
[ 8.8984375 [ 4 0 ] [ 114 60 ] [ 9 20 ] ] # e
[ 5.328125 [ 4 0 ] [ 127 60 ] [ 6 20 ] ] # f
[ 9.7734375 [ 5 0 ] [ 137 60 ] [ 8 20 ] ] # g
[ 9.7734375 [ 5 0 ] [ 149 60 ] [ 8 20 ] ] # h
[ 4.4453125 [ 5 0 ] [ 161 60 ] [ 3 20 ] ] # i
[ 4.4453125 [ 4 0 ] [ 168 60 ] [ 4 20 ] ] # j
[ 8.8984375 [ 5 0 ] [ 176 60 ] [ 9 20 ] ] # k
[ 4.4453125 [ 5 0 ] [ 189 60 ] [ 3 20 ] ] # l
[ 14.2265625 [ 5 0 ] [ 196 60 ] [ 13 20 ] ] # m
[ 9.7734375 [ 5 0 ] [ 213 60 ] [ 9 20 ] ] # n
[ 9.7734375 [ 5 0 ] [ 226 60 ] [ 9 20 ] ] # o
[ 9.7734375 [ 5 0 ] [ 239 60 ] [ 9 20 ] ] # p
[ 9.7734375 [ 4 0 ] [ 2 80 ] [ 9 20 ] ] # q
[ 6.2265625 [ 5 0 ] [ 15 80 ] [ 6 20 ] ] # r
[ 8.8984375 [ 4 0 ] [ 25 80 ] [ 9 20 ] ] # s
[ 5.328125 [ 4 0 ] [ 38 80 ] [ 6 20 ] ] # t
[ 9.7734375 [ 5 0 ] [ 48 80 ] [ 8 20 ] ] # u
[ 8.8984375 [ 4 0 ] [ 60 80 ] [ 9 20 ] ] # v
[ 12.4453125 [ 4 0 ] [ 73 80 ] [ 13 20 ] ] # w
[ 8.8984375 [ 4 0 ] [ 90 80 ] [ 9 20 ] ] # x
[ 8.8984375 [ 4 0 ] [ 103 80 ] [ 9 20 ] ] # y
[ 8.0 [ 4 0 ] [ 116 80 ] [ 8 20 ] ] # z
[ 6.2265625 [ 5 0 ] [ 128 80 ] [ 5 20 ] ] # {
[ 4.4765625 [ 6 0 ] [ 137 80 ] [ 2 20 ] ] # |
[ 6.2265625 [ 5 0 ] [ 143 80 ] [ 5 20 ] ] # }
[ 9.34375 [ 5 0 ] [ 152 80 ] [ 8 20 ] ] # ~
[ 6.22890625 [ 0 0 ] [ 164 80 ] [ 0 20 ] ] # 
