[ 11.20957031 [ 0 0 ] [ 2 0 ] [ 0 40 ] ] #  
[ 9.580078125 [ 7 0 ] [ 6 0 ] [ 5 40 ] ] # !
[ 13.640625 [ 7 0 ] [ 15 0 ] [ 9 40 ] ] # "
[ 16.01367188 [ 5 0 ] [ 28 0 ] [ 16 40 ] ] # #
[ 16.01367188 [ 5 0 ] [ 48 0 ] [ 15 40 ] ] # $
[ 25.59375 [ 5 0 ] [ 67 0 ] [ 25 40 ] ] # %
[ 20.79492188 [ 6 0 ] [ 96 0 ] [ 19 40 ] ] # &
[ 6.837890625 [ 6 0 ] [ 119 0 ] [ 5 40 ] ] # '
[ 9.580078125 [ 5 0 ] [ 128 0 ] [ 9 40 ] ] # (
[ 9.580078125 [ 5 0 ] [ 141 0 ] [ 9 40 ] ] # )
[ 11.19726562 [ 5 0 ] [ 154 0 ] [ 10 40 ] ] # *
[ 16.8046875 [ 5 0 ] [ 168 0 ] [ 16 40 ] ] # +
[ 7.998046875 [ 6 0 ] [ 188 0 ] [ 5 40 ] ] # ,
[ 9.580078125 [ 5 0 ] [ 197 0 ] [ 9 40 ] ] # -
[ 7.998046875 [ 6 0 ] [ 210 0 ] [ 5 40 ] ] # .
[ 7.998046875 [ 3 0 ] [ 219 0 ] [ 11 40 ] ] # /
[ 16.01367188 [ 5 0 ] [ 234 0 ] [ 15 40 ] ] # 0
[ 16.01367188 [ 6 0 ] [ 253 0 ] [ 10 40 ] ] # 1
[ 16.01367188 [ 5 0 ] [ 267 0 ] [ 15 40 ] ] # 2
[ 16.01367188 [ 5 0 ] [ 286 0 ] [ 15 40 ] ] # 3
[ 16.01367188 [ 5 0 ] [ 305 0 ] [ 15 40 ] ] # 4
[ 16.01367188 [ 5 0 ] [ 324 0 ] [ 15 40 ] ] # 5
[ 16.01367188 [ 5 0 ] [ 343 0 ] [ 15 40 ] ] # 6
[ 16.01367188 [ 5 0 ] [ 362 0 ] [ 15 40 ] ] # 7
[ 16.01367188 [ 5 0 ] [ 381 0 ] [ 15 40 ] ] # 8
[ 16.01367188 [ 5 0 ] [ 400 0 ] [ 15 40 ] ] # 9
[ 9.580078125 [ 7 0 ] [ 419 0 ] [ 5 40 ] ] # :
[ 9.580078125 [ 7 0 ] [ 428 0 ] [ 5 40 ] ] # ;
[ 16.8046875 [ 5 0 ] [ 437 0 ] [ 16 40 ] ] # <
[ 16.8046875 [ 5 0 ] [ 457 0 ] [ 16 40 ] ] # =
[ 16.8046875 [ 5 0 ] [ 477 0 ] [ 16 40 ] ] # >
[ 17.578125 [ 6 0 ] [ 2 40 ] [ 15 40 ] ] # ?
[ 28.07226562 [ 7 0 ] [ 21 40 ] [ 23 40 ] ] # @
[ 20.79492188 [ 5 0 ] [ 48 40 ] [ 21 40 ] ] # A
[ 20.79492188 [ 6 0 ] [ 73 40 ] [ 19 40 ] ] # B
[ 20.79492188 [ 5 0 ] [ 96 40 ] [ 20 40 ] ] # C
[ 20.79492188 [ 6 0 ] [ 120 40 ] [ 19 40 ] ] # D
[ 19.1953125 [ 6 0 ] [ 143 40 ] [ 17 40 ] ] # E
[ 17.578125 [ 6 0 ] [ 164 40 ] [ 16 40 ] ] # F
[ 22.39453125 [ 5 0 ] [ 184 40 ] [ 21 40 ] ] # G
[ 20.79492188 [ 6 0 ] [ 209 40 ] [ 18 40 ] ] # H
[ 7.998046875 [ 6 0 ] [ 231 40 ] [ 5 40 ] ] # I
[ 16.01367188 [ 5 0 ] [ 240 40 ] [ 14 40 ] ] # J
[ 20.79492188 [ 7 0 ] [ 258 40 ] [ 19 40 ] ] # K
[ 17.578125 [ 6 0 ] [ 281 40 ] [ 16 40 ] ] # L
[ 23.9765625 [ 6 0 ] [ 301 40 ] [ 21 40 ] ] # M
[ 20.79492188 [ 6 0 ] [ 326 40 ] [ 18 40 ] ] # N
[ 22.39453125 [ 5 0 ] [ 348 40 ] [ 21 40 ] ] # O
[ 19.1953125 [ 6 0 ] [ 373 40 ] [ 17 40 ] ] # P
[ 22.39453125 [ 5 0 ] [ 394 40 ] [ 21 40 ] ] # Q
[ 20.79492188 [ 6 0 ] [ 419 40 ] [ 19 40 ] ] # R
[ 19.1953125 [ 5 0 ] [ 442 40 ] [ 18 40 ] ] # S
[ 17.578125 [ 4 0 ] [ 464 40 ] [ 18 40 ] ] # T
[ 20.79492188 [ 6 0 ] [ 486 40 ] [ 18 40 ] ] # U
[ 19.1953125 [ 5 0 ] [ 2 80 ] [ 19 40 ] ] # V
[ 27.17578125 [ 4 0 ] [ 25 80 ] [ 28 40 ] ] # W
[ 19.1953125 [ 4 0 ] [ 57 80 ] [ 20 40 ] ] # X
[ 19.1953125 [ 4 0 ] [ 81 80 ] [ 20 40 ] ] # Y
[ 17.578125 [ 5 0 ] [ 105 80 ] [ 17 40 ] ] # Z
[ 9.580078125 [ 6 0 ] [ 126 80 ] [ 8 40 ] ] # [
[ 7.998046875 [ 3 0 ] [ 138 80 ] [ 11 40 ] ] # \
[ 9.580078125 [ 5 0 ] [ 153 80 ] [ 8 40 ] ] # ]
[ 16.8046875 [ 6 0 ] [ 165 80 ] [ 14 40 ] ] # ^
[ 16.01367188 [ 4 0 ] [ 183 80 ] [ 17 40 ] ] # _
[ 9.580078125 [ 6 0 ] [ 204 80 ] [ 5 40 ] ] # `
[ 16.01367188 [ 5 0 ] [ 213 80 ] [ 15 40 ] ] # a
[ 17.578125 [ 6 0 ] [ 232 80 ] [ 16 40 ] ] # b
[ 16.01367188 [ 5 0 ] [ 252 80 ] [ 15 40 ] ] # c
[ 17.578125 [ 5 0 ] [ 271 80 ] [ 16 40 ] ] # d
[ 16.01367188 [ 5 0 ] [ 291 80 ] [ 15 40 ] ] # e
[ 9.580078125 [ 4 0 ] [ 310 80 ] [ 10 40 ] ] # f
[ 17.578125 [ 5 0 ] [ 324 80 ] [ 16 40 ] ] # g
[ 17.578125 [ 6 0 ] [ 344 80 ] [ 15 40 ] ] # h
[ 7.998046875 [ 6 0 ] [ 363 80 ] [ 5 40 ] ] # i
[ 7.998046875 [ 4 0 ] [ 372 80 ] [ 7 40 ] ] # j
[ 16.01367188 [ 6 0 ] [ 383 80 ] [ 15 40 ] ] # k
[ 7.998046875 [ 6 0 ] [ 402 80 ] [ 5 40 ] ] # l
[ 25.59375 [ 6 0 ] [ 411 80 ] [ 23 40 ] ] # m
[ 17.578125 [ 6 0 ] [ 438 80 ] [ 15 40 ] ] # n
[ 17.578125 [ 5 0 ] [ 457 80 ] [ 17 40 ] ] # o
[ 17.578125 [ 6 0 ] [ 478 80 ] [ 16 40 ] ] # p
[ 17.578125 [ 5 0 ] [ 2 120 ] [ 16 40 ] ] # q
[ 11.19726562 [ 6 0 ] [ 22 120 ] [ 10 40 ] ] # r
[ 16.01367188 [ 5 0 ] [ 36 120 ] [ 15 40 ] ] # s
[ 9.580078125 [ 4 0 ] [ 55 120 ] [ 10 40 ] ] # t
[ 17.578125 [ 6 0 ] [ 69 120 ] [ 15 40 ] ] # u
[ 16.01367188 [ 4 0 ] [ 88 120 ] [ 17 40 ] ] # v
[ 22.39453125 [ 4 0 ] [ 109 120 ] [ 23 40 ] ] # w
[ 16.01367188 [ 4 0 ] [ 136 120 ] [ 17 40 ] ] # x
[ 16.01367188 [ 4 0 ] [ 157 120 ] [ 17 40 ] ] # y
[ 14.39648438 [ 5 0 ] [ 178 120 ] [ 14 40 ] ] # z
[ 11.19726562 [ 5 0 ] [ 196 120 ] [ 11 40 ] ] # {
[ 8.05078125 [ 6 0 ] [ 211 120 ] [ 5 40 ] ] # |
[ 11.19726562 [ 5 0 ] [ 220 120 ] [ 10 40 ] ] # }
[ 16.8046875 [ 6 0 ] [ 234 120 ] [ 14 40 ] ] # ~
[ 11.20957031 [ 0 0 ] [ 252 120 ] [ 0 40 ] ] # 
