[ 17.43710937 [ 0 0 ] [ 2 0 ] [ 0 60 ] ] #  
[ 14.90234375 [ 8 0 ] [ 6 0 ] [ 8 60 ] ] # !
[ 21.21875 [ 9 0 ] [ 18 0 ] [ 13 60 ] ] # "
[ 24.91015625 [ 5 0 ] [ 35 0 ] [ 24 60 ] ] # #
[ 24.91015625 [ 5 0 ] [ 63 0 ] [ 24 60 ] ] # $
[ 39.8125 [ 5 0 ] [ 91 0 ] [ 39 60 ] ] # %
[ 32.34765625 [ 6 0 ] [ 134 0 ] [ 31 60 ] ] # &
[ 10.63671875 [ 7 0 ] [ 169 0 ] [ 7 60 ] ] # '
[ 14.90234375 [ 6 0 ] [ 180 0 ] [ 13 60 ] ] # (
[ 14.90234375 [ 5 0 ] [ 197 0 ] [ 13 60 ] ] # )
[ 17.41796875 [ 5 0 ] [ 214 0 ] [ 16 60 ] ] # *
[ 26.140625 [ 6 0 ] [ 234 0 ] [ 24 60 ] ] # +
[ 12.44140625 [ 7 0 ] [ 262 0 ] [ 8 60 ] ] # ,
[ 14.90234375 [ 5 0 ] [ 274 0 ] [ 14 60 ] ] # -
[ 12.44140625 [ 7 0 ] [ 292 0 ] [ 8 60 ] ] # .
[ 12.44140625 [ 3 0 ] [ 304 0 ] [ 16 60 ] ] # /
[ 24.91015625 [ 5 0 ] [ 324 0 ] [ 24 60 ] ] # 0
[ 24.91015625 [ 7 0 ] [ 352 0 ] [ 15 60 ] ] # 1
[ 24.91015625 [ 5 0 ] [ 371 0 ] [ 23 60 ] ] # 2
[ 24.91015625 [ 5 0 ] [ 398 0 ] [ 23 60 ] ] # 3
[ 24.91015625 [ 5 0 ] [ 425 0 ] [ 24 60 ] ] # 4
[ 24.91015625 [ 5 0 ] [ 453 0 ] [ 23 60 ] ] # 5
[ 24.91015625 [ 5 0 ] [ 480 0 ] [ 24 60 ] ] # 6
[ 24.91015625 [ 5 0 ] [ 2 60 ] [ 24 60 ] ] # 7
[ 24.91015625 [ 5 0 ] [ 30 60 ] [ 24 60 ] ] # 8
[ 24.91015625 [ 5 0 ] [ 58 60 ] [ 24 60 ] ] # 9
[ 14.90234375 [ 8 0 ] [ 86 60 ] [ 8 60 ] ] # :
[ 14.90234375 [ 8 0 ] [ 98 60 ] [ 8 60 ] ] # ;
[ 26.140625 [ 6 0 ] [ 110 60 ] [ 24 60 ] ] # <
[ 26.140625 [ 6 0 ] [ 138 60 ] [ 24 60 ] ] # =
[ 26.140625 [ 6 0 ] [ 166 60 ] [ 24 60 ] ] # >
[ 27.34375 [ 7 0 ] [ 194 60 ] [ 23 60 ] ] # ?
[ 43.66796875 [ 9 0 ] [ 221 60 ] [ 35 60 ] ] # @
[ 32.34765625 [ 5 0 ] [ 260 60 ] [ 32 60 ] ] # A
[ 32.34765625 [ 7 0 ] [ 296 60 ] [ 29 60 ] ] # B
[ 32.34765625 [ 6 0 ] [ 329 60 ] [ 30 60 ] ] # C
[ 32.34765625 [ 7 0 ] [ 363 60 ] [ 29 60 ] ] # D
[ 29.859375 [ 7 0 ] [ 396 60 ] [ 26 60 ] ] # E
[ 27.34375 [ 7 0 ] [ 426 60 ] [ 25 60 ] ] # F
[ 34.8359375 [ 6 0 ] [ 455 60 ] [ 32 60 ] ] # G
[ 32.34765625 [ 7 0 ] [ 2 120 ] [ 28 60 ] ] # H
[ 12.44140625 [ 7 0 ] [ 34 120 ] [ 8 60 ] ] # I
[ 24.91015625 [ 5 0 ] [ 46 120 ] [ 22 60 ] ] # J
[ 32.34765625 [ 8 0 ] [ 72 120 ] [ 30 60 ] ] # K
[ 27.34375 [ 7 0 ] [ 106 120 ] [ 25 60 ] ] # L
[ 37.296875 [ 7 0 ] [ 135 120 ] [ 33 60 ] ] # M
[ 32.34765625 [ 7 0 ] [ 172 120 ] [ 28 60 ] ] # N
[ 34.8359375 [ 6 0 ] [ 204 120 ] [ 33 60 ] ] # O
[ 29.859375 [ 7 0 ] [ 241 120 ] [ 27 60 ] ] # P
[ 34.8359375 [ 6 0 ] [ 272 120 ] [ 33 60 ] ] # Q
[ 32.34765625 [ 7 0 ] [ 309 120 ] [ 29 60 ] ] # R
[ 29.859375 [ 6 0 ] [ 342 120 ] [ 28 60 ] ] # S
[ 27.34375 [ 5 0 ] [ 374 120 ] [ 27 60 ] ] # T
[ 32.34765625 [ 7 0 ] [ 405 120 ] [ 28 60 ] ] # U
[ 29.859375 [ 5 0 ] [ 437 120 ] [ 30 60 ] ] # V
[ 42.2734375 [ 5 0 ] [ 2 180 ] [ 42 60 ] ] # W
[ 29.859375 [ 5 0 ] [ 48 180 ] [ 30 60 ] ] # X
[ 29.859375 [ 5 0 ] [ 82 180 ] [ 30 60 ] ] # Y
[ 27.34375 [ 5 0 ] [ 116 180 ] [ 27 60 ] ] # Z
[ 14.90234375 [ 7 0 ] [ 147 180 ] [ 12 60 ] ] # [
[ 12.44140625 [ 3 0 ] [ 163 180 ] [ 16 60 ] ] # \
[ 14.90234375 [ 5 0 ] [ 183 180 ] [ 12 60 ] ] # ]
[ 26.140625 [ 7 0 ] [ 199 180 ] [ 22 60 ] ] # ^
[ 24.91015625 [ 4 0 ] [ 225 180 ] [ 26 60 ] ] # _
[ 14.90234375 [ 7 0 ] [ 255 180 ] [ 7 60 ] ] # `
[ 24.91015625 [ 5 0 ] [ 266 180 ] [ 24 60 ] ] # a
[ 27.34375 [ 7 0 ] [ 294 180 ] [ 24 60 ] ] # b
[ 24.91015625 [ 6 0 ] [ 322 180 ] [ 23 60 ] ] # c
[ 27.34375 [ 6 0 ] [ 349 180 ] [ 24 60 ] ] # d
[ 24.91015625 [ 5 0 ] [ 377 180 ] [ 24 60 ] ] # e
[ 14.90234375 [ 4 0 ] [ 405 180 ] [ 15 60 ] ] # f
[ 27.34375 [ 6 0 ] [ 424 180 ] [ 24 60 ] ] # g
[ 27.34375 [ 7 0 ] [ 452 180 ] [ 23 60 ] ] # h
[ 12.44140625 [ 7 0 ] [ 479 180 ] [ 7 60 ] ] # i
[ 12.44140625 [ 4 0 ] [ 490 180 ] [ 10 60 ] ] # j
[ 24.91015625 [ 7 0 ] [ 2 240 ] [ 24 60 ] ] # k
[ 12.44140625 [ 7 0 ] [ 30 240 ] [ 7 60 ] ] # l
[ 39.8125 [ 7 0 ] [ 41 240 ] [ 36 60 ] ] # m
[ 27.34375 [ 7 0 ] [ 81 240 ] [ 23 60 ] ] # n
[ 27.34375 [ 6 0 ] [ 108 240 ] [ 25 60 ] ] # o
[ 27.34375 [ 7 0 ] [ 137 240 ] [ 24 60 ] ] # p
[ 27.34375 [ 6 0 ] [ 165 240 ] [ 24 60 ] ] # q
[ 17.41796875 [ 7 0 ] [ 193 240 ] [ 15 60 ] ] # r
[ 24.91015625 [ 5 0 ] [ 212 240 ] [ 24 60 ] ] # s
[ 14.90234375 [ 4 0 ] [ 240 240 ] [ 15 60 ] ] # t
[ 27.34375 [ 7 0 ] [ 259 240 ] [ 23 60 ] ] # u
[ 24.91015625 [ 5 0 ] [ 286 240 ] [ 25 60 ] ] # v
[ 34.8359375 [ 4 0 ] [ 315 240 ] [ 36 60 ] ] # w
[ 24.91015625 [ 5 0 ] [ 355 240 ] [ 25 60 ] ] # x
[ 24.91015625 [ 4 0 ] [ 384 240 ] [ 26 60 ] ] # y
[ 22.39453125 [ 5 0 ] [ 414 240 ] [ 22 60 ] ] # z
[ 17.41796875 [ 6 0 ] [ 440 240 ] [ 16 60 ] ] # {
[ 12.5234375 [ 8 0 ] [ 460 240 ] [ 6 60 ] ] # |
[ 17.41796875 [ 5 0 ] [ 470 240 ] [ 15 60 ] ] # }
[ 26.140625 [ 7 0 ] [ 2 300 ] [ 22 60 ] ] # ~
[ 17.43710937 [ 0 0 ] [ 28 300 ] [ 0 60 ] ] # 
