[ 4.671679687 [ 0 0 ] [ 2 0 ] [ 0 16 ] ] #  
[ 3.99609375 [ 5 0 ] [ 6 0 ] [ 3 16 ] ] # !
[ 5.689453125 [ 5 0 ] [ 13 0 ] [ 5 16 ] ] # "
[ 6.673828125 [ 4 0 ] [ 22 0 ] [ 7 16 ] ] # #
[ 6.673828125 [ 4 0 ] [ 33 0 ] [ 7 16 ] ] # $
[ 10.66992188 [ 4 0 ] [ 44 0 ] [ 11 16 ] ] # %
[ 8.666015625 [ 5 0 ] [ 59 0 ] [ 8 16 ] ] # &
[ 2.853515625 [ 5 0 ] [ 71 0 ] [ 2 16 ] ] # '
[ 3.99609375 [ 5 0 ] [ 77 0 ] [ 3 16 ] ] # (
[ 3.99609375 [ 4 0 ] [ 84 0 ] [ 4 16 ] ] # )
[ 4.669921875 [ 4 0 ] [ 92 0 ] [ 5 16 ] ] # *
[ 7.0078125 [ 5 0 ] [ 101 0 ] [ 6 16 ] ] # +
[ 3.333984375 [ 5 0 ] [ 111 0 ] [ 2 16 ] ] # ,
[ 3.99609375 [ 4 0 ] [ 117 0 ] [ 4 16 ] ] # -
[ 3.333984375 [ 5 0 ] [ 2 16 ] [ 2 16 ] ] # .
[ 3.333984375 [ 4 0 ] [ 8 16 ] [ 4 16 ] ] # /
[ 6.673828125 [ 4 0 ] [ 16 16 ] [ 7 16 ] ] # 0
[ 6.673828125 [ 5 0 ] [ 27 16 ] [ 4 16 ] ] # 1
[ 6.673828125 [ 4 0 ] [ 35 16 ] [ 7 16 ] ] # 2
[ 6.673828125 [ 4 0 ] [ 46 16 ] [ 7 16 ] ] # 3
[ 6.673828125 [ 4 0 ] [ 57 16 ] [ 7 16 ] ] # 4
[ 6.673828125 [ 4 0 ] [ 68 16 ] [ 7 16 ] ] # 5
[ 6.673828125 [ 4 0 ] [ 79 16 ] [ 7 16 ] ] # 6
[ 6.673828125 [ 4 0 ] [ 90 16 ] [ 7 16 ] ] # 7
[ 6.673828125 [ 4 0 ] [ 101 16 ] [ 7 16 ] ] # 8
[ 6.673828125 [ 4 0 ] [ 112 16 ] [ 7 16 ] ] # 9
[ 3.99609375 [ 5 0 ] [ 123 16 ] [ 3 16 ] ] # :
[ 3.99609375 [ 5 0 ] [ 2 32 ] [ 3 16 ] ] # ;
[ 7.0078125 [ 4 0 ] [ 9 32 ] [ 7 16 ] ] # <
[ 7.0078125 [ 5 0 ] [ 20 32 ] [ 6 16 ] ] # =
[ 7.0078125 [ 4 0 ] [ 30 32 ] [ 7 16 ] ] # >
[ 7.330078125 [ 5 0 ] [ 41 32 ] [ 6 16 ] ] # ?
[ 11.70117188 [ 4 0 ] [ 51 32 ] [ 12 16 ] ] # @
[ 8.666015625 [ 4 0 ] [ 67 32 ] [ 9 16 ] ] # A
[ 8.666015625 [ 5 0 ] [ 80 32 ] [ 8 16 ] ] # B
[ 8.666015625 [ 5 0 ] [ 92 32 ] [ 8 16 ] ] # C
[ 8.666015625 [ 5 0 ] [ 104 32 ] [ 8 16 ] ] # D
[ 8.00390625 [ 5 0 ] [ 116 32 ] [ 7 16 ] ] # E
[ 7.330078125 [ 5 0 ] [ 2 48 ] [ 7 16 ] ] # F
[ 9.333984375 [ 5 0 ] [ 13 48 ] [ 8 16 ] ] # G
[ 8.666015625 [ 5 0 ] [ 25 48 ] [ 8 16 ] ] # H
[ 3.333984375 [ 5 0 ] [ 37 48 ] [ 2 16 ] ] # I
[ 6.673828125 [ 4 0 ] [ 43 48 ] [ 7 16 ] ] # J
[ 8.666015625 [ 5 0 ] [ 54 48 ] [ 8 16 ] ] # K
[ 7.330078125 [ 5 0 ] [ 66 48 ] [ 7 16 ] ] # L
[ 9.99609375 [ 5 0 ] [ 77 48 ] [ 9 16 ] ] # M
[ 8.666015625 [ 5 0 ] [ 90 48 ] [ 8 16 ] ] # N
[ 9.333984375 [ 4 0 ] [ 102 48 ] [ 10 16 ] ] # O
[ 8.00390625 [ 5 0 ] [ 116 48 ] [ 7 16 ] ] # P
[ 9.333984375 [ 5 0 ] [ 2 64 ] [ 9 16 ] ] # Q
[ 8.666015625 [ 5 0 ] [ 15 64 ] [ 8 16 ] ] # R
[ 8.00390625 [ 4 0 ] [ 27 64 ] [ 8 16 ] ] # S
[ 7.330078125 [ 4 0 ] [ 39 64 ] [ 8 16 ] ] # T
[ 8.666015625 [ 5 0 ] [ 51 64 ] [ 8 16 ] ] # U
[ 8.00390625 [ 4 0 ] [ 63 64 ] [ 9 16 ] ] # V
[ 11.32617188 [ 4 0 ] [ 76 64 ] [ 12 16 ] ] # W
[ 8.00390625 [ 4 0 ] [ 92 64 ] [ 9 16 ] ] # X
[ 8.00390625 [ 4 0 ] [ 105 64 ] [ 9 16 ] ] # Y
[ 7.330078125 [ 4 0 ] [ 118 64 ] [ 8 16 ] ] # Z
[ 3.99609375 [ 5 0 ] [ 2 80 ] [ 3 16 ] ] # [
[ 3.333984375 [ 4 0 ] [ 9 80 ] [ 4 16 ] ] # \
[ 3.99609375 [ 4 0 ] [ 17 80 ] [ 4 16 ] ] # ]
[ 7.0078125 [ 5 0 ] [ 25 80 ] [ 6 16 ] ] # ^
[ 6.673828125 [ 4 0 ] [ 35 80 ] [ 8 16 ] ] # _
[ 3.99609375 [ 5 0 ] [ 47 80 ] [ 2 16 ] ] # `
[ 6.673828125 [ 4 0 ] [ 53 80 ] [ 7 16 ] ] # a
[ 7.330078125 [ 5 0 ] [ 64 80 ] [ 7 16 ] ] # b
[ 6.673828125 [ 4 0 ] [ 75 80 ] [ 7 16 ] ] # c
[ 7.330078125 [ 4 0 ] [ 86 80 ] [ 7 16 ] ] # d
[ 6.673828125 [ 4 0 ] [ 97 80 ] [ 7 16 ] ] # e
[ 3.99609375 [ 4 0 ] [ 108 80 ] [ 5 16 ] ] # f
[ 7.330078125 [ 4 0 ] [ 117 80 ] [ 7 16 ] ] # g
[ 7.330078125 [ 5 0 ] [ 2 96 ] [ 6 16 ] ] # h
[ 3.333984375 [ 5 0 ] [ 12 96 ] [ 2 16 ] ] # i
[ 3.333984375 [ 4 0 ] [ 18 96 ] [ 3 16 ] ] # j
[ 6.673828125 [ 5 0 ] [ 25 96 ] [ 6 16 ] ] # k
[ 3.333984375 [ 5 0 ] [ 35 96 ] [ 2 16 ] ] # l
[ 10.66992188 [ 5 0 ] [ 41 96 ] [ 10 16 ] ] # m
[ 7.330078125 [ 5 0 ] [ 55 96 ] [ 6 16 ] ] # n
[ 7.330078125 [ 4 0 ] [ 65 96 ] [ 8 16 ] ] # o
[ 7.330078125 [ 5 0 ] [ 77 96 ] [ 7 16 ] ] # p
[ 7.330078125 [ 4 0 ] [ 88 96 ] [ 7 16 ] ] # q
[ 4.669921875 [ 5 0 ] [ 99 96 ] [ 4 16 ] ] # r
[ 6.673828125 [ 4 0 ] [ 107 96 ] [ 7 16 ] ] # s
[ 3.99609375 [ 4 0 ] [ 118 96 ] [ 4 16 ] ] # t
[ 7.330078125 [ 5 0 ] [ 2 112 ] [ 6 16 ] ] # u
[ 6.673828125 [ 4 0 ] [ 12 112 ] [ 7 16 ] ] # v
[ 9.333984375 [ 4 0 ] [ 23 112 ] [ 10 16 ] ] # w
[ 6.673828125 [ 4 0 ] [ 37 112 ] [ 7 16 ] ] # x
[ 6.673828125 [ 4 0 ] [ 48 112 ] [ 7 16 ] ] # y
[ 6.0 [ 4 0 ] [ 59 112 ] [ 6 16 ] ] # z
[ 4.669921875 [ 4 0 ] [ 69 112 ] [ 5 16 ] ] # {
[ 3.357421875 [ 5 0 ] [ 78 112 ] [ 2 16 ] ] # |
[ 4.669921875 [ 5 0 ] [ 84 112 ] [ 4 16 ] ] # }
[ 7.0078125 [ 5 0 ] [ 92 112 ] [ 6 16 ] ] # ~
[ 4.671679687 [ 0 0 ] [ 102 112 ] [ 0 16 ] ] # 
