[ 2.0 [ 0 0 ] [ 2 0 ] [ 0 18 ] ] #  
[ 4.0 [ 6 0 ] [ 6 0 ] [ 2 18 ] ] # !
[ 12.0 [ 4 0 ] [ 12 0 ] [ 10 18 ] ] # "
[ 10.0 [ 4 0 ] [ 26 0 ] [ 8 18 ] ] # #
[ 10.0 [ 4 0 ] [ 38 0 ] [ 8 18 ] ] # $
[ 13.0 [ 5 0 ] [ 50 0 ] [ 11 18 ] ] # %
[ 12.0 [ 5 0 ] [ 65 0 ] [ 10 18 ] ] # &
[ 8.0 [ 5 0 ] [ 79 0 ] [ 6 18 ] ] # '
[ 6.0 [ 5 0 ] [ 89 0 ] [ 4 18 ] ] # (
[ 7.0 [ 4 0 ] [ 97 0 ] [ 5 18 ] ] # )
[ 8.0 [ 5 0 ] [ 106 0 ] [ 6 18 ] ] # *
[ 10.0 [ 4 0 ] [ 116 0 ] [ 8 18 ] ] # +
[ 5.0 [ 5 0 ] [ 128 0 ] [ 3 18 ] ] # ,
[ 10.0 [ 4 0 ] [ 135 0 ] [ 8 18 ] ] # -
[ 4.0 [ 5 0 ] [ 147 0 ] [ 2 18 ] ] # .
[ 6.0 [ 4 0 ] [ 153 0 ] [ 4 18 ] ] # /
[ 9.0 [ 4 0 ] [ 161 0 ] [ 7 18 ] ] # 0
[ 6.0 [ 6 0 ] [ 172 0 ] [ 4 18 ] ] # 1
[ 9.0 [ 4 0 ] [ 180 0 ] [ 7 18 ] ] # 2
[ 8.0 [ 5 0 ] [ 191 0 ] [ 6 18 ] ] # 3
[ 9.0 [ 4 0 ] [ 201 0 ] [ 7 18 ] ] # 4
[ 9.0 [ 4 0 ] [ 212 0 ] [ 7 18 ] ] # 5
[ 8.0 [ 5 0 ] [ 223 0 ] [ 6 18 ] ] # 6
[ 9.0 [ 4 0 ] [ 233 0 ] [ 7 18 ] ] # 7
[ 8.0 [ 5 0 ] [ 244 0 ] [ 6 18 ] ] # 8
[ 9.0 [ 4 0 ] [ 2 18 ] [ 7 18 ] ] # 9
[ 5.0 [ 5 0 ] [ 13 18 ] [ 3 18 ] ] # :
[ 5.0 [ 5 0 ] [ 20 18 ] [ 3 18 ] ] # ;
[ 10.0 [ 4 0 ] [ 27 18 ] [ 8 18 ] ] # <
[ 10.0 [ 4 0 ] [ 39 18 ] [ 8 18 ] ] # =
[ 10.0 [ 4 0 ] [ 51 18 ] [ 8 18 ] ] # >
[ 8.0 [ 5 0 ] [ 63 18 ] [ 6 18 ] ] # ?
[ 10.0 [ 4 0 ] [ 73 18 ] [ 8 18 ] ] # @
[ 12.0 [ 4 0 ] [ 85 18 ] [ 10 18 ] ] # A
[ 11.0 [ 4 0 ] [ 99 18 ] [ 9 18 ] ] # B
[ 13.0 [ 4 0 ] [ 112 18 ] [ 11 18 ] ] # C
[ 11.0 [ 4 0 ] [ 127 18 ] [ 9 18 ] ] # D
[ 11.0 [ 4 0 ] [ 140 18 ] [ 9 18 ] ] # E
[ 13.0 [ 4 0 ] [ 153 18 ] [ 11 18 ] ] # F
[ 11.0 [ 4 0 ] [ 168 18 ] [ 9 18 ] ] # G
[ 12.0 [ 5 0 ] [ 181 18 ] [ 10 18 ] ] # H
[ 7.0 [ 4 0 ] [ 195 18 ] [ 5 18 ] ] # I
[ 12.0 [ 4 0 ] [ 204 18 ] [ 10 18 ] ] # J
[ 13.0 [ 4 0 ] [ 218 18 ] [ 11 18 ] ] # K
[ 12.0 [ 4 0 ] [ 233 18 ] [ 10 18 ] ] # L
[ 15.0 [ 4 0 ] [ 2 36 ] [ 13 18 ] ] # M
[ 13.0 [ 4 0 ] [ 19 36 ] [ 11 18 ] ] # N
[ 12.0 [ 5 0 ] [ 34 36 ] [ 10 18 ] ] # O
[ 13.0 [ 4 0 ] [ 48 36 ] [ 11 18 ] ] # P
[ 12.0 [ 5 0 ] [ 63 36 ] [ 10 18 ] ] # Q
[ 11.0 [ 4 0 ] [ 77 36 ] [ 9 18 ] ] # R
[ 11.0 [ 4 0 ] [ 90 36 ] [ 9 18 ] ] # S
[ 11.0 [ 4 0 ] [ 103 36 ] [ 9 18 ] ] # T
[ 13.0 [ 4 0 ] [ 116 36 ] [ 11 18 ] ] # U
[ 8.0 [ 5 0 ] [ 131 36 ] [ 6 18 ] ] # V
[ 13.0 [ 4 0 ] [ 141 36 ] [ 11 18 ] ] # W
[ 10.0 [ 5 0 ] [ 156 36 ] [ 8 18 ] ] # X
[ 14.0 [ 4 0 ] [ 168 36 ] [ 12 18 ] ] # Y
[ 11.0 [ 5 0 ] [ 184 36 ] [ 9 18 ] ] # Z
[ 6.0 [ 5 0 ] [ 197 36 ] [ 4 18 ] ] # [
[ 11.0 [ 6 0 ] [ 205 36 ] [ 9 18 ] ] # \
[ 6.0 [ 4 0 ] [ 218 36 ] [ 4 18 ] ] # ]
[ 12.0 [ 4 0 ] [ 226 36 ] [ 10 18 ] ] # ^
[ 10.0 [ 4 0 ] [ 240 36 ] [ 8 18 ] ] # _
[ 2.0 [ 0 0 ] [ 252 36 ] [ 0 18 ] ] # `
[ 11.0 [ 5 0 ] [ 2 54 ] [ 9 18 ] ] # a
[ 9.0 [ 5 0 ] [ 15 54 ] [ 7 18 ] ] # b
[ 10.0 [ 4 0 ] [ 26 54 ] [ 8 18 ] ] # c
[ 9.0 [ 5 0 ] [ 38 54 ] [ 7 18 ] ] # d
[ 9.0 [ 4 0 ] [ 49 54 ] [ 7 18 ] ] # e
[ 10.0 [ 4 0 ] [ 60 54 ] [ 8 18 ] ] # f
[ 10.0 [ 4 0 ] [ 72 54 ] [ 8 18 ] ] # g
[ 10.0 [ 4 0 ] [ 84 54 ] [ 8 18 ] ] # h
[ 7.0 [ 4 0 ] [ 96 54 ] [ 5 18 ] ] # i
[ 11.0 [ 4 0 ] [ 105 54 ] [ 9 18 ] ] # j
[ 11.0 [ 4 0 ] [ 118 54 ] [ 9 18 ] ] # k
[ 10.0 [ 4 0 ] [ 131 54 ] [ 8 18 ] ] # l
[ 11.0 [ 4 0 ] [ 143 54 ] [ 9 18 ] ] # m
[ 9.0 [ 4 0 ] [ 156 54 ] [ 7 18 ] ] # n
[ 10.0 [ 4 0 ] [ 167 54 ] [ 8 18 ] ] # o
[ 10.0 [ 4 0 ] [ 179 54 ] [ 8 18 ] ] # p
[ 9.0 [ 5 0 ] [ 191 54 ] [ 7 18 ] ] # q
[ 9.0 [ 5 0 ] [ 202 54 ] [ 7 18 ] ] # r
[ 11.0 [ 4 0 ] [ 213 54 ] [ 9 18 ] ] # s
[ 9.0 [ 4 0 ] [ 226 54 ] [ 7 18 ] ] # t
[ 10.0 [ 4 0 ] [ 237 54 ] [ 8 18 ] ] # u
[ 12.0 [ 4 0 ] [ 2 72 ] [ 10 18 ] ] # v
[ 11.0 [ 5 0 ] [ 16 72 ] [ 9 18 ] ] # w
[ 9.0 [ 4 0 ] [ 29 72 ] [ 7 18 ] ] # x
[ 13.0 [ 4 0 ] [ 40 72 ] [ 11 18 ] ] # y
[ 8.0 [ 5 0 ] [ 55 72 ] [ 6 18 ] ] # z
[ 7.0 [ 5 0 ] [ 65 72 ] [ 5 18 ] ] # {
[ 4.0 [ 5 0 ] [ 74 72 ] [ 2 18 ] ] # |
[ 8.0 [ 5 0 ] [ 80 72 ] [ 6 18 ] ] # }
[ 10.0 [ 4 0 ] [ 90 72 ] [ 8 18 ] ] # ~
[ 2.0 [ 0 0 ] [ 102 72 ] [ 0 18 ] ] # 
[ 2.0 [ 0 0 ] [ 106 72 ] [ 0 18 ] ] # Ä
[ 2.0 [ 0 0 ] [ 110 72 ] [ 0 18 ] ] # Å
[ 2.0 [ 0 0 ] [ 114 72 ] [ 0 18 ] ] # Ç
[ 2.0 [ 0 0 ] [ 118 72 ] [ 0 18 ] ] # É
[ 2.0 [ 0 0 ] [ 122 72 ] [ 0 18 ] ] # Ñ
[ 2.0 [ 0 0 ] [ 126 72 ] [ 0 18 ] ] # Ö
[ 2.0 [ 0 0 ] [ 130 72 ] [ 0 18 ] ] # Ü
[ 2.0 [ 0 0 ] [ 134 72 ] [ 0 18 ] ] # á
[ 2.0 [ 0 0 ] [ 138 72 ] [ 0 18 ] ] # à
[ 2.0 [ 0 0 ] [ 142 72 ] [ 0 18 ] ] # â
[ 2.0 [ 0 0 ] [ 146 72 ] [ 0 18 ] ] # ä
[ 2.0 [ 0 0 ] [ 150 72 ] [ 0 18 ] ] # ã
[ 2.0 [ 0 0 ] [ 154 72 ] [ 0 18 ] ] # å
[ 2.0 [ 0 0 ] [ 158 72 ] [ 0 18 ] ] # ç
[ 2.0 [ 0 0 ] [ 162 72 ] [ 0 18 ] ] # é
[ 2.0 [ 0 0 ] [ 166 72 ] [ 0 18 ] ] # è
[ 2.0 [ 0 0 ] [ 170 72 ] [ 0 18 ] ] # ê
[ 2.0 [ 0 0 ] [ 174 72 ] [ 0 18 ] ] # ë
[ 2.0 [ 0 0 ] [ 178 72 ] [ 0 18 ] ] # í
[ 2.0 [ 0 0 ] [ 182 72 ] [ 0 18 ] ] # ì
[ 2.0 [ 0 0 ] [ 186 72 ] [ 0 18 ] ] # î
[ 2.0 [ 0 0 ] [ 190 72 ] [ 0 18 ] ] # ï
[ 2.0 [ 0 0 ] [ 194 72 ] [ 0 18 ] ] # ñ
[ 2.0 [ 0 0 ] [ 198 72 ] [ 0 18 ] ] # ó
[ 2.0 [ 0 0 ] [ 202 72 ] [ 0 18 ] ] # ò
[ 2.0 [ 0 0 ] [ 206 72 ] [ 0 18 ] ] # ô
[ 2.0 [ 0 0 ] [ 210 72 ] [ 0 18 ] ] # ö
[ 2.0 [ 0 0 ] [ 214 72 ] [ 0 18 ] ] # õ
[ 2.0 [ 0 0 ] [ 218 72 ] [ 0 18 ] ] # ú
[ 2.0 [ 0 0 ] [ 222 72 ] [ 0 18 ] ] # ù
[ 2.0 [ 0 0 ] [ 226 72 ] [ 0 18 ] ] # û
[ 2.0 [ 0 0 ] [ 230 72 ] [ 0 18 ] ] # ü
[ 12.0 [ 5 0 ] [ 234 72 ] [ 10 18 ] ] # †
[ 11.0 [ 4 0 ] [ 2 90 ] [ 9 18 ] ] # °
[ 6.0 [ 4 0 ] [ 15 90 ] [ 4 18 ] ] # ¢
[ 10.0 [ 4 0 ] [ 23 90 ] [ 8 18 ] ] # £
[ 9.0 [ 2 0 ] [ 35 90 ] [ 7 18 ] ] # §
[ 12.0 [ 4 0 ] [ 46 90 ] [ 10 18 ] ] # •
[ 10.0 [ 4 0 ] [ 60 90 ] [ 8 18 ] ] # ¶
[ 11.0 [ 5 0 ] [ 72 90 ] [ 9 18 ] ] # ß
[ 9.0 [ 6 0 ] [ 85 90 ] [ 7 18 ] ] # ®
[ 10.0 [ 6 0 ] [ 96 90 ] [ 8 18 ] ] # ©
[ 10.0 [ 6 0 ] [ 108 90 ] [ 8 18 ] ] # ™
[ 17.0 [ 4 0 ] [ 120 90 ] [ 15 18 ] ] # ´
[ 16.0 [ 4 0 ] [ 139 90 ] [ 14 18 ] ] # ¨
[ 10.0 [ 5 0 ] [ 157 90 ] [ 8 18 ] ] # ≠
[ 15.0 [ 5 0 ] [ 169 90 ] [ 13 18 ] ] # Æ
[ 10.0 [ 5 0 ] [ 186 90 ] [ 8 18 ] ] # Ø
[ 7.0 [ 5 0 ] [ 198 90 ] [ 5 18 ] ] # ∞
[ 10.0 [ 4 0 ] [ 207 90 ] [ 8 18 ] ] # ±
[ 9.0 [ 4 0 ] [ 219 90 ] [ 7 18 ] ] # ≤
[ 10.0 [ 4 0 ] [ 230 90 ] [ 8 18 ] ] # ≥
[ 10.0 [ 4 0 ] [ 242 90 ] [ 8 18 ] ] # ¥
[ 12.0 [ 4 0 ] [ 2 108 ] [ 10 18 ] ] # µ
[ 9.0 [ 4 0 ] [ 16 108 ] [ 7 18 ] ] # ∂
[ 8.0 [ 5 0 ] [ 27 108 ] [ 6 18 ] ] # ∑
[ 10.0 [ 4 0 ] [ 37 108 ] [ 8 18 ] ] # ∏
[ 10.0 [ 4 0 ] [ 49 108 ] [ 8 18 ] ] # π
[ 10.0 [ 4 0 ] [ 61 108 ] [ 8 18 ] ] # ∫
[ 10.0 [ 4 0 ] [ 73 108 ] [ 8 18 ] ] # ª
[ 14.0 [ 5 0 ] [ 85 108 ] [ 12 18 ] ] # º
[ 4.0 [ 8 0 ] [ 101 108 ] [ 2 18 ] ] # Ω
[ 18.0 [ 3 0 ] [ 107 108 ] [ 16 18 ] ] # æ
[ 11.0 [ 4 0 ] [ 127 108 ] [ 9 18 ] ] # ø
[ 10.0 [ 6 0 ] [ 140 108 ] [ 8 18 ] ] # ¿
[ 11.0 [ 4 0 ] [ 152 108 ] [ 9 18 ] ] # ¡
[ 13.0 [ 4 0 ] [ 165 108 ] [ 11 18 ] ] # ¬
[ 13.0 [ 6 0 ] [ 180 108 ] [ 11 18 ] ] # √
[ 12.0 [ 5 0 ] [ 195 108 ] [ 10 18 ] ] # ƒ
[ 12.0 [ 5 0 ] [ 209 108 ] [ 10 18 ] ] # ≈
[ 13.0 [ 5 0 ] [ 223 108 ] [ 11 18 ] ] # ∆
[ 12.0 [ 5 0 ] [ 238 108 ] [ 10 18 ] ] # «
[ 12.0 [ 5 0 ] [ 2 126 ] [ 10 18 ] ] # »
[ 12.0 [ 4 0 ] [ 16 126 ] [ 10 18 ] ] # …
[ 12.0 [ 4 0 ] [ 30 126 ] [ 10 18 ] ] #  
[ 12.0 [ 4 0 ] [ 44 126 ] [ 10 18 ] ] # À
[ 12.0 [ 4 0 ] [ 58 126 ] [ 10 18 ] ] # Ã
[ 12.0 [ 4 0 ] [ 72 126 ] [ 10 18 ] ] # Õ
[ 9.0 [ 5 0 ] [ 86 126 ] [ 7 18 ] ] # Œ
[ 9.0 [ 5 0 ] [ 97 126 ] [ 7 18 ] ] # œ
[ 13.0 [ 4 0 ] [ 108 126 ] [ 11 18 ] ] # –
[ 11.0 [ 5 0 ] [ 123 126 ] [ 9 18 ] ] # —
[ 12.0 [ 5 0 ] [ 136 126 ] [ 10 18 ] ] # “
[ 12.0 [ 5 0 ] [ 150 126 ] [ 10 18 ] ] # ”
[ 15.0 [ 4 0 ] [ 164 126 ] [ 13 18 ] ] # ‘
[ 14.0 [ 4 0 ] [ 181 126 ] [ 12 18 ] ] # ’
[ 10.0 [ 4 0 ] [ 197 126 ] [ 8 18 ] ] # ÷
[ 4.0 [ 5 0 ] [ 209 126 ] [ 2 18 ] ] # ◊
[ 12.0 [ 4 0 ] [ 215 126 ] [ 10 18 ] ] # ÿ
[ 11.0 [ 4 0 ] [ 229 126 ] [ 9 18 ] ] # Ÿ
[ 11.0 [ 4 0 ] [ 242 126 ] [ 9 18 ] ] # ⁄
[ 17.0 [ 4 0 ] [ 2 144 ] [ 15 18 ] ] # €
[ 15.0 [ 5 0 ] [ 21 144 ] [ 13 18 ] ] # ‹
[ 10.0 [ 5 0 ] [ 38 144 ] [ 8 18 ] ] # ›
[ 15.0 [ 5 0 ] [ 50 144 ] [ 13 18 ] ] # ﬁ
[ 10.0 [ 5 0 ] [ 67 144 ] [ 8 18 ] ] # ﬂ
[ 9.0 [ 4 0 ] [ 79 144 ] [ 7 18 ] ] # ‡
[ 7.0 [ 4 0 ] [ 90 144 ] [ 5 18 ] ] # ·
[ 12.0 [ 5 0 ] [ 99 144 ] [ 10 18 ] ] # ‚
[ 12.0 [ 5 0 ] [ 113 144 ] [ 10 18 ] ] # „
[ 13.0 [ 4 0 ] [ 127 144 ] [ 11 18 ] ] # ‰
[ 13.0 [ 4 0 ] [ 142 144 ] [ 11 18 ] ] # Â
[ 6.0 [ 5 0 ] [ 157 144 ] [ 4 18 ] ] # Ê
[ 3.0 [ 5 0 ] [ 165 144 ] [ 1 18 ] ] # Á
[ 8.0 [ 5 0 ] [ 170 144 ] [ 6 18 ] ] # Ë
[ 4.0 [ 4 0 ] [ 180 144 ] [ 2 18 ] ] # È
[ 4.0 [ 4 0 ] [ 186 144 ] [ 2 18 ] ] # Í
[ 8.0 [ 4 0 ] [ 192 144 ] [ 6 18 ] ] # Î
[ 4.0 [ 7 0 ] [ 202 144 ] [ 2 18 ] ] # Ï
[ 6.0 [ 4 0 ] [ 208 144 ] [ 4 18 ] ] # Ì
[ 6.0 [ 7 0 ] [ 216 144 ] [ 4 18 ] ] # Ó
[ 3.0 [ 7 0 ] [ 224 144 ] [ 1 18 ] ] # Ô
[ 2.0 [ 0 0 ] [ 229 144 ] [ 0 18 ] ] # 
[ 7.0 [ 4 0 ] [ 233 144 ] [ 5 18 ] ] # Ò
[ 5.0 [ 4 0 ] [ 242 144 ] [ 3 18 ] ] # Ú
[ 8.0 [ 9 0 ] [ 2 162 ] [ 6 18 ] ] # Û
[ 4.0 [ 9 0 ] [ 12 162 ] [ 2 18 ] ] # Ù
[ 8.0 [ 5 0 ] [ 18 162 ] [ 6 18 ] ] # ı
[ 7.0 [ 6 0 ] [ 28 162 ] [ 5 18 ] ] # ˆ
[ 3.0 [ 10 0 ] [ 37 162 ] [ 1 18 ] ] # ˜
[ 8.0 [ 5 0 ] [ 42 162 ] [ 6 18 ] ] # ¯
[ 4.0 [ 8 0 ] [ 52 162 ] [ 2 18 ] ] # ˘
[ 4.0 [ 8 0 ] [ 58 162 ] [ 2 18 ] ] # ˙
[ 8.0 [ 4 0 ] [ 64 162 ] [ 6 18 ] ] # ˚
[ 4.0 [ 6 0 ] [ 74 162 ] [ 2 18 ] ] # ¸
[ 6.0 [ 7 0 ] [ 80 162 ] [ 4 18 ] ] # ˝
[ 6.0 [ 4 0 ] [ 88 162 ] [ 4 18 ] ] # ˛
[ 2.0 [ 0 0 ] [ 96 162 ] [ 0 18 ] ] # ˇ
