[ 5.604785156 [ 0 0 ] [ 2 0 ] [ 0 22 ] ] #  
[ 4.790039062 [ 5 0 ] [ 6 0 ] [ 3 22 ] ] # !
[ 6.8203125 [ 5 0 ] [ 13 0 ] [ 5 22 ] ] # "
[ 8.006835938 [ 4 0 ] [ 22 0 ] [ 9 22 ] ] # #
[ 8.006835938 [ 4 0 ] [ 35 0 ] [ 9 22 ] ] # $
[ 12.796875 [ 4 0 ] [ 48 0 ] [ 13 22 ] ] # %
[ 10.39746094 [ 5 0 ] [ 65 0 ] [ 10 22 ] ] # &
[ 3.418945312 [ 5 0 ] [ 79 0 ] [ 3 22 ] ] # '
[ 4.790039062 [ 5 0 ] [ 86 0 ] [ 4 22 ] ] # (
[ 4.790039062 [ 4 0 ] [ 94 0 ] [ 5 22 ] ] # )
[ 5.598632812 [ 4 0 ] [ 103 0 ] [ 6 22 ] ] # *
[ 8.40234375 [ 5 0 ] [ 113 0 ] [ 8 22 ] ] # +
[ 3.999023438 [ 5 0 ] [ 125 0 ] [ 3 22 ] ] # ,
[ 4.790039062 [ 4 0 ] [ 132 0 ] [ 5 22 ] ] # -
[ 3.999023438 [ 5 0 ] [ 141 0 ] [ 3 22 ] ] # .
[ 3.999023438 [ 4 0 ] [ 148 0 ] [ 5 22 ] ] # /
[ 8.006835938 [ 5 0 ] [ 157 0 ] [ 7 22 ] ] # 0
[ 8.006835938 [ 5 0 ] [ 168 0 ] [ 5 22 ] ] # 1
[ 8.006835938 [ 4 0 ] [ 177 0 ] [ 8 22 ] ] # 2
[ 8.006835938 [ 4 0 ] [ 189 0 ] [ 8 22 ] ] # 3
[ 8.006835938 [ 4 0 ] [ 201 0 ] [ 9 22 ] ] # 4
[ 8.006835938 [ 4 0 ] [ 214 0 ] [ 8 22 ] ] # 5
[ 8.006835938 [ 4 0 ] [ 226 0 ] [ 8 22 ] ] # 6
[ 8.006835938 [ 4 0 ] [ 238 0 ] [ 9 22 ] ] # 7
[ 8.006835938 [ 5 0 ] [ 2 22 ] [ 7 22 ] ] # 8
[ 8.006835938 [ 4 0 ] [ 13 22 ] [ 8 22 ] ] # 9
[ 4.790039062 [ 5 0 ] [ 25 22 ] [ 3 22 ] ] # :
[ 4.790039062 [ 5 0 ] [ 32 22 ] [ 3 22 ] ] # ;
[ 8.40234375 [ 5 0 ] [ 39 22 ] [ 8 22 ] ] # <
[ 8.40234375 [ 5 0 ] [ 51 22 ] [ 8 22 ] ] # =
[ 8.40234375 [ 5 0 ] [ 63 22 ] [ 8 22 ] ] # >
[ 8.7890625 [ 5 0 ] [ 75 22 ] [ 8 22 ] ] # ?
[ 14.03613281 [ 6 0 ] [ 87 22 ] [ 11 22 ] ] # @
[ 10.39746094 [ 4 0 ] [ 102 22 ] [ 11 22 ] ] # A
[ 10.39746094 [ 5 0 ] [ 117 22 ] [ 10 22 ] ] # B
[ 10.39746094 [ 5 0 ] [ 131 22 ] [ 10 22 ] ] # C
[ 10.39746094 [ 5 0 ] [ 145 22 ] [ 10 22 ] ] # D
[ 9.59765625 [ 5 0 ] [ 159 22 ] [ 9 22 ] ] # E
[ 8.7890625 [ 5 0 ] [ 172 22 ] [ 8 22 ] ] # F
[ 11.19726562 [ 5 0 ] [ 184 22 ] [ 10 22 ] ] # G
[ 10.39746094 [ 5 0 ] [ 198 22 ] [ 9 22 ] ] # H
[ 3.999023438 [ 5 0 ] [ 211 22 ] [ 3 22 ] ] # I
[ 8.006835938 [ 4 0 ] [ 218 22 ] [ 8 22 ] ] # J
[ 10.39746094 [ 5 0 ] [ 230 22 ] [ 10 22 ] ] # K
[ 8.7890625 [ 5 0 ] [ 244 22 ] [ 8 22 ] ] # L
[ 11.98828125 [ 5 0 ] [ 2 44 ] [ 11 22 ] ] # M
[ 10.39746094 [ 5 0 ] [ 17 44 ] [ 9 22 ] ] # N
[ 11.19726562 [ 5 0 ] [ 30 44 ] [ 11 22 ] ] # O
[ 9.59765625 [ 5 0 ] [ 45 44 ] [ 9 22 ] ] # P
[ 11.19726562 [ 5 0 ] [ 58 44 ] [ 11 22 ] ] # Q
[ 10.39746094 [ 5 0 ] [ 73 44 ] [ 10 22 ] ] # R
[ 9.59765625 [ 5 0 ] [ 87 44 ] [ 9 22 ] ] # S
[ 8.7890625 [ 4 0 ] [ 100 44 ] [ 10 22 ] ] # T
[ 10.39746094 [ 5 0 ] [ 114 44 ] [ 9 22 ] ] # U
[ 9.59765625 [ 4 0 ] [ 127 44 ] [ 10 22 ] ] # V
[ 13.58789062 [ 4 0 ] [ 141 44 ] [ 14 22 ] ] # W
[ 9.59765625 [ 4 0 ] [ 159 44 ] [ 10 22 ] ] # X
[ 9.59765625 [ 4 0 ] [ 173 44 ] [ 10 22 ] ] # Y
[ 8.7890625 [ 4 0 ] [ 187 44 ] [ 9 22 ] ] # Z
[ 4.790039062 [ 5 0 ] [ 200 44 ] [ 4 22 ] ] # [
[ 3.999023438 [ 4 0 ] [ 208 44 ] [ 5 22 ] ] # \
[ 4.790039062 [ 4 0 ] [ 217 44 ] [ 5 22 ] ] # ]
[ 8.40234375 [ 5 0 ] [ 226 44 ] [ 7 22 ] ] # ^
[ 8.006835938 [ 4 0 ] [ 237 44 ] [ 9 22 ] ] # _
[ 4.790039062 [ 5 0 ] [ 250 44 ] [ 3 22 ] ] # `
[ 8.006835938 [ 4 0 ] [ 2 66 ] [ 9 22 ] ] # a
[ 8.7890625 [ 5 0 ] [ 15 66 ] [ 8 22 ] ] # b
[ 8.006835938 [ 5 0 ] [ 27 66 ] [ 8 22 ] ] # c
[ 8.7890625 [ 5 0 ] [ 39 66 ] [ 8 22 ] ] # d
[ 8.006835938 [ 4 0 ] [ 51 66 ] [ 9 22 ] ] # e
[ 4.790039062 [ 4 0 ] [ 64 66 ] [ 5 22 ] ] # f
[ 8.7890625 [ 5 0 ] [ 73 66 ] [ 8 22 ] ] # g
[ 8.7890625 [ 5 0 ] [ 85 66 ] [ 8 22 ] ] # h
[ 3.999023438 [ 5 0 ] [ 97 66 ] [ 3 22 ] ] # i
[ 3.999023438 [ 4 0 ] [ 104 66 ] [ 4 22 ] ] # j
[ 8.006835938 [ 5 0 ] [ 112 66 ] [ 8 22 ] ] # k
[ 3.999023438 [ 5 0 ] [ 124 66 ] [ 3 22 ] ] # l
[ 12.796875 [ 5 0 ] [ 131 66 ] [ 12 22 ] ] # m
[ 8.7890625 [ 5 0 ] [ 147 66 ] [ 8 22 ] ] # n
[ 8.7890625 [ 5 0 ] [ 159 66 ] [ 8 22 ] ] # o
[ 8.7890625 [ 5 0 ] [ 171 66 ] [ 8 22 ] ] # p
[ 8.7890625 [ 5 0 ] [ 183 66 ] [ 8 22 ] ] # q
[ 5.598632812 [ 5 0 ] [ 195 66 ] [ 5 22 ] ] # r
[ 8.006835938 [ 4 0 ] [ 204 66 ] [ 8 22 ] ] # s
[ 4.790039062 [ 4 0 ] [ 216 66 ] [ 5 22 ] ] # t
[ 8.7890625 [ 5 0 ] [ 225 66 ] [ 8 22 ] ] # u
[ 8.006835938 [ 4 0 ] [ 237 66 ] [ 9 22 ] ] # v
[ 11.19726562 [ 4 0 ] [ 2 88 ] [ 12 22 ] ] # w
[ 8.006835938 [ 4 0 ] [ 18 88 ] [ 9 22 ] ] # x
[ 8.006835938 [ 4 0 ] [ 31 88 ] [ 9 22 ] ] # y
[ 7.198242188 [ 4 0 ] [ 44 88 ] [ 8 22 ] ] # z
[ 5.598632812 [ 5 0 ] [ 56 88 ] [ 5 22 ] ] # {
[ 4.025390625 [ 5 0 ] [ 65 88 ] [ 3 22 ] ] # |
[ 5.598632812 [ 4 0 ] [ 72 88 ] [ 6 22 ] ] # }
[ 8.40234375 [ 5 0 ] [ 82 88 ] [ 7 22 ] ] # ~
[ 5.604785156 [ 0 0 ] [ 93 88 ] [ 0 22 ] ] # 
