[ 5.604785156 [ 0 0 ] [ 2 0 ] [ 0 22 ] ] #  
[ 3.999023438 [ 5 0 ] [ 6 0 ] [ 3 22 ] ] # !
[ 5.106445312 [ 5 0 ] [ 13 0 ] [ 4 22 ] ] # "
[ 8.006835938 [ 4 0 ] [ 21 0 ] [ 9 22 ] ] # #
[ 8.006835938 [ 4 0 ] [ 34 0 ] [ 9 22 ] ] # $
[ 12.796875 [ 5 0 ] [ 47 0 ] [ 12 22 ] ] # %
[ 9.59765625 [ 5 0 ] [ 63 0 ] [ 9 22 ] ] # &
[ 2.7421875 [ 5 0 ] [ 76 0 ] [ 2 22 ] ] # '
[ 4.790039062 [ 5 0 ] [ 82 0 ] [ 4 22 ] ] # (
[ 4.790039062 [ 5 0 ] [ 90 0 ] [ 4 22 ] ] # )
[ 5.598632812 [ 5 0 ] [ 98 0 ] [ 5 22 ] ] # *
[ 8.40234375 [ 5 0 ] [ 107 0 ] [ 8 22 ] ] # +
[ 3.999023438 [ 5 0 ] [ 119 0 ] [ 3 22 ] ] # ,
[ 4.790039062 [ 5 0 ] [ 126 0 ] [ 4 22 ] ] # -
[ 3.999023438 [ 5 0 ] [ 134 0 ] [ 3 22 ] ] # .
[ 3.999023438 [ 4 0 ] [ 141 0 ] [ 5 22 ] ] # /
[ 8.006835938 [ 5 0 ] [ 150 0 ] [ 7 22 ] ] # 0
[ 8.006835938 [ 5 0 ] [ 161 0 ] [ 5 22 ] ] # 1
[ 8.006835938 [ 4 0 ] [ 170 0 ] [ 8 22 ] ] # 2
[ 8.006835938 [ 5 0 ] [ 182 0 ] [ 8 22 ] ] # 3
[ 8.006835938 [ 4 0 ] [ 194 0 ] [ 9 22 ] ] # 4
[ 8.006835938 [ 4 0 ] [ 207 0 ] [ 8 22 ] ] # 5
[ 8.006835938 [ 5 0 ] [ 219 0 ] [ 7 22 ] ] # 6
[ 8.006835938 [ 5 0 ] [ 230 0 ] [ 8 22 ] ] # 7
[ 8.006835938 [ 5 0 ] [ 242 0 ] [ 7 22 ] ] # 8
[ 8.006835938 [ 5 0 ] [ 2 22 ] [ 7 22 ] ] # 9
[ 3.999023438 [ 5 0 ] [ 13 22 ] [ 3 22 ] ] # :
[ 3.999023438 [ 5 0 ] [ 20 22 ] [ 3 22 ] ] # ;
[ 8.40234375 [ 5 0 ] [ 27 22 ] [ 8 22 ] ] # <
[ 8.40234375 [ 5 0 ] [ 39 22 ] [ 8 22 ] ] # =
[ 8.40234375 [ 5 0 ] [ 51 22 ] [ 8 22 ] ] # >
[ 8.006835938 [ 5 0 ] [ 63 22 ] [ 7 22 ] ] # ?
[ 14.61621094 [ 6 0 ] [ 74 22 ] [ 12 22 ] ] # @
[ 9.59765625 [ 4 0 ] [ 90 22 ] [ 10 22 ] ] # A
[ 9.59765625 [ 5 0 ] [ 104 22 ] [ 9 22 ] ] # B
[ 10.39746094 [ 5 0 ] [ 117 22 ] [ 10 22 ] ] # C
[ 10.39746094 [ 5 0 ] [ 131 22 ] [ 10 22 ] ] # D
[ 9.59765625 [ 5 0 ] [ 145 22 ] [ 9 22 ] ] # E
[ 8.7890625 [ 5 0 ] [ 158 22 ] [ 8 22 ] ] # F
[ 11.19726562 [ 5 0 ] [ 170 22 ] [ 10 22 ] ] # G
[ 10.39746094 [ 5 0 ] [ 184 22 ] [ 9 22 ] ] # H
[ 3.999023438 [ 5 0 ] [ 197 22 ] [ 3 22 ] ] # I
[ 7.198242188 [ 4 0 ] [ 204 22 ] [ 7 22 ] ] # J
[ 9.59765625 [ 5 0 ] [ 215 22 ] [ 10 22 ] ] # K
[ 8.006835938 [ 5 0 ] [ 229 22 ] [ 8 22 ] ] # L
[ 11.98828125 [ 5 0 ] [ 241 22 ] [ 11 22 ] ] # M
[ 10.39746094 [ 5 0 ] [ 2 44 ] [ 9 22 ] ] # N
[ 11.19726562 [ 5 0 ] [ 15 44 ] [ 11 22 ] ] # O
[ 9.59765625 [ 5 0 ] [ 30 44 ] [ 9 22 ] ] # P
[ 11.19726562 [ 5 0 ] [ 43 44 ] [ 11 22 ] ] # Q
[ 10.39746094 [ 5 0 ] [ 58 44 ] [ 10 22 ] ] # R
[ 9.59765625 [ 5 0 ] [ 72 44 ] [ 9 22 ] ] # S
[ 8.7890625 [ 4 0 ] [ 85 44 ] [ 10 22 ] ] # T
[ 10.39746094 [ 5 0 ] [ 99 44 ] [ 9 22 ] ] # U
[ 9.59765625 [ 4 0 ] [ 112 44 ] [ 10 22 ] ] # V
[ 13.58789062 [ 4 0 ] [ 126 44 ] [ 14 22 ] ] # W
[ 9.59765625 [ 4 0 ] [ 144 44 ] [ 10 22 ] ] # X
[ 9.59765625 [ 4 0 ] [ 158 44 ] [ 10 22 ] ] # Y
[ 8.7890625 [ 4 0 ] [ 172 44 ] [ 9 22 ] ] # Z
[ 3.999023438 [ 5 0 ] [ 185 44 ] [ 3 22 ] ] # [
[ 3.999023438 [ 4 0 ] [ 192 44 ] [ 5 22 ] ] # \
[ 3.999023438 [ 4 0 ] [ 201 44 ] [ 4 22 ] ] # ]
[ 6.75 [ 4 0 ] [ 209 44 ] [ 8 22 ] ] # ^
[ 8.006835938 [ 4 0 ] [ 221 44 ] [ 9 22 ] ] # _
[ 4.790039062 [ 5 0 ] [ 234 44 ] [ 2 22 ] ] # `
[ 8.006835938 [ 5 0 ] [ 240 44 ] [ 8 22 ] ] # a
[ 8.006835938 [ 5 0 ] [ 2 66 ] [ 7 22 ] ] # b
[ 7.198242188 [ 4 0 ] [ 13 66 ] [ 8 22 ] ] # c
[ 8.006835938 [ 4 0 ] [ 25 66 ] [ 8 22 ] ] # d
[ 8.006835938 [ 5 0 ] [ 37 66 ] [ 7 22 ] ] # e
[ 3.999023438 [ 4 0 ] [ 48 66 ] [ 5 22 ] ] # f
[ 8.006835938 [ 5 0 ] [ 57 66 ] [ 7 22 ] ] # g
[ 8.006835938 [ 5 0 ] [ 68 66 ] [ 7 22 ] ] # h
[ 3.19921875 [ 5 0 ] [ 79 66 ] [ 2 22 ] ] # i
[ 3.19921875 [ 4 0 ] [ 85 66 ] [ 3 22 ] ] # j
[ 7.198242188 [ 5 0 ] [ 92 66 ] [ 7 22 ] ] # k
[ 3.19921875 [ 5 0 ] [ 103 66 ] [ 2 22 ] ] # l
[ 11.98828125 [ 5 0 ] [ 109 66 ] [ 11 22 ] ] # m
[ 8.006835938 [ 5 0 ] [ 124 66 ] [ 7 22 ] ] # n
[ 8.006835938 [ 4 0 ] [ 135 66 ] [ 9 22 ] ] # o
[ 8.006835938 [ 5 0 ] [ 148 66 ] [ 7 22 ] ] # p
[ 8.006835938 [ 4 0 ] [ 159 66 ] [ 8 22 ] ] # q
[ 4.790039062 [ 5 0 ] [ 171 66 ] [ 5 22 ] ] # r
[ 7.198242188 [ 4 0 ] [ 180 66 ] [ 8 22 ] ] # s
[ 3.999023438 [ 4 0 ] [ 192 66 ] [ 5 22 ] ] # t
[ 8.006835938 [ 5 0 ] [ 201 66 ] [ 7 22 ] ] # u
[ 7.198242188 [ 4 0 ] [ 212 66 ] [ 8 22 ] ] # v
[ 10.39746094 [ 4 0 ] [ 224 66 ] [ 11 22 ] ] # w
[ 7.198242188 [ 4 0 ] [ 239 66 ] [ 8 22 ] ] # x
[ 7.198242188 [ 4 0 ] [ 2 88 ] [ 8 22 ] ] # y
[ 7.198242188 [ 4 0 ] [ 14 88 ] [ 8 22 ] ] # z
[ 4.807617188 [ 5 0 ] [ 26 88 ] [ 4 22 ] ] # {
[ 3.735351562 [ 5 0 ] [ 34 88 ] [ 2 22 ] ] # |
[ 4.807617188 [ 5 0 ] [ 40 88 ] [ 4 22 ] ] # }
[ 8.40234375 [ 5 0 ] [ 48 88 ] [ 7 22 ] ] # ~
[ 5.604785156 [ 0 0 ] [ 59 88 ] [ 0 22 ] ] # 
