[ 7.473046875 [ 0 0 ] [ 2 0 ] [ 0 28 ] ] #  
[ 5.33203125 [ 6 0 ] [ 6 0 ] [ 3 28 ] ] # !
[ 6.80859375 [ 5 0 ] [ 13 0 ] [ 5 28 ] ] # "
[ 10.67578125 [ 5 0 ] [ 22 0 ] [ 10 28 ] ] # #
[ 10.67578125 [ 5 0 ] [ 36 0 ] [ 10 28 ] ] # $
[ 17.0625 [ 5 0 ] [ 50 0 ] [ 17 28 ] ] # %
[ 12.796875 [ 5 0 ] [ 71 0 ] [ 12 28 ] ] # &
[ 3.65625 [ 5 0 ] [ 87 0 ] [ 3 28 ] ] # '
[ 6.38671875 [ 5 0 ] [ 94 0 ] [ 6 28 ] ] # (
[ 6.38671875 [ 5 0 ] [ 104 0 ] [ 5 28 ] ] # )
[ 7.46484375 [ 5 0 ] [ 113 0 ] [ 7 28 ] ] # *
[ 11.203125 [ 5 0 ] [ 124 0 ] [ 11 28 ] ] # +
[ 5.33203125 [ 6 0 ] [ 139 0 ] [ 3 28 ] ] # ,
[ 6.38671875 [ 5 0 ] [ 146 0 ] [ 5 28 ] ] # -
[ 5.33203125 [ 6 0 ] [ 155 0 ] [ 3 28 ] ] # .
[ 5.33203125 [ 4 0 ] [ 162 0 ] [ 7 28 ] ] # /
[ 10.67578125 [ 5 0 ] [ 173 0 ] [ 10 28 ] ] # 0
[ 10.67578125 [ 6 0 ] [ 187 0 ] [ 6 28 ] ] # 1
[ 10.67578125 [ 5 0 ] [ 197 0 ] [ 10 28 ] ] # 2
[ 10.67578125 [ 5 0 ] [ 211 0 ] [ 10 28 ] ] # 3
[ 10.67578125 [ 4 0 ] [ 225 0 ] [ 11 28 ] ] # 4
[ 10.67578125 [ 5 0 ] [ 240 0 ] [ 10 28 ] ] # 5
[ 10.67578125 [ 5 0 ] [ 2 28 ] [ 10 28 ] ] # 6
[ 10.67578125 [ 5 0 ] [ 16 28 ] [ 10 28 ] ] # 7
[ 10.67578125 [ 5 0 ] [ 30 28 ] [ 10 28 ] ] # 8
[ 10.67578125 [ 5 0 ] [ 44 28 ] [ 10 28 ] ] # 9
[ 5.33203125 [ 6 0 ] [ 58 28 ] [ 3 28 ] ] # :
[ 5.33203125 [ 6 0 ] [ 65 28 ] [ 3 28 ] ] # ;
[ 11.203125 [ 5 0 ] [ 72 28 ] [ 10 28 ] ] # <
[ 11.203125 [ 5 0 ] [ 86 28 ] [ 11 28 ] ] # =
[ 11.203125 [ 5 0 ] [ 101 28 ] [ 10 28 ] ] # >
[ 10.67578125 [ 5 0 ] [ 115 28 ] [ 10 28 ] ] # ?
[ 19.48828125 [ 7 0 ] [ 129 28 ] [ 15 28 ] ] # @
[ 12.796875 [ 4 0 ] [ 148 28 ] [ 14 28 ] ] # A
[ 12.796875 [ 5 0 ] [ 166 28 ] [ 12 28 ] ] # B
[ 13.86328125 [ 5 0 ] [ 182 28 ] [ 13 28 ] ] # C
[ 13.86328125 [ 6 0 ] [ 199 28 ] [ 12 28 ] ] # D
[ 12.796875 [ 6 0 ] [ 215 28 ] [ 11 28 ] ] # E
[ 11.71875 [ 6 0 ] [ 230 28 ] [ 10 28 ] ] # F
[ 14.9296875 [ 5 0 ] [ 2 56 ] [ 14 28 ] ] # G
[ 13.86328125 [ 5 0 ] [ 20 56 ] [ 13 28 ] ] # H
[ 5.33203125 [ 6 0 ] [ 37 56 ] [ 3 28 ] ] # I
[ 9.59765625 [ 4 0 ] [ 44 56 ] [ 9 28 ] ] # J
[ 12.796875 [ 5 0 ] [ 57 56 ] [ 13 28 ] ] # K
[ 10.67578125 [ 5 0 ] [ 74 56 ] [ 10 28 ] ] # L
[ 15.984375 [ 5 0 ] [ 88 56 ] [ 15 28 ] ] # M
[ 13.86328125 [ 5 0 ] [ 107 56 ] [ 13 28 ] ] # N
[ 14.9296875 [ 5 0 ] [ 124 56 ] [ 14 28 ] ] # O
[ 12.796875 [ 6 0 ] [ 142 56 ] [ 11 28 ] ] # P
[ 14.9296875 [ 5 0 ] [ 157 56 ] [ 14 28 ] ] # Q
[ 13.86328125 [ 6 0 ] [ 175 56 ] [ 12 28 ] ] # R
[ 12.796875 [ 5 0 ] [ 191 56 ] [ 12 28 ] ] # S
[ 11.71875 [ 4 0 ] [ 207 56 ] [ 13 28 ] ] # T
[ 13.86328125 [ 6 0 ] [ 224 56 ] [ 12 28 ] ] # U
[ 12.796875 [ 4 0 ] [ 240 56 ] [ 14 28 ] ] # V
[ 18.1171875 [ 4 0 ] [ 2 84 ] [ 19 28 ] ] # W
[ 12.796875 [ 4 0 ] [ 25 84 ] [ 13 28 ] ] # X
[ 12.796875 [ 4 0 ] [ 42 84 ] [ 14 28 ] ] # Y
[ 11.71875 [ 4 0 ] [ 60 84 ] [ 12 28 ] ] # Z
[ 5.33203125 [ 5 0 ] [ 76 84 ] [ 5 28 ] ] # [
[ 5.33203125 [ 4 0 ] [ 85 84 ] [ 7 28 ] ] # \
[ 5.33203125 [ 5 0 ] [ 96 84 ] [ 4 28 ] ] # ]
[ 9.0 [ 4 0 ] [ 104 84 ] [ 10 28 ] ] # ^
[ 10.67578125 [ 4 0 ] [ 118 84 ] [ 12 28 ] ] # _
[ 6.38671875 [ 5 0 ] [ 134 84 ] [ 3 28 ] ] # `
[ 10.67578125 [ 5 0 ] [ 141 84 ] [ 10 28 ] ] # a
[ 10.67578125 [ 5 0 ] [ 155 84 ] [ 10 28 ] ] # b
[ 9.59765625 [ 5 0 ] [ 169 84 ] [ 9 28 ] ] # c
[ 10.67578125 [ 5 0 ] [ 182 84 ] [ 10 28 ] ] # d
[ 10.67578125 [ 5 0 ] [ 196 84 ] [ 10 28 ] ] # e
[ 5.33203125 [ 4 0 ] [ 210 84 ] [ 6 28 ] ] # f
[ 10.67578125 [ 5 0 ] [ 220 84 ] [ 10 28 ] ] # g
[ 10.67578125 [ 5 0 ] [ 234 84 ] [ 10 28 ] ] # h
[ 4.265625 [ 5 0 ] [ 248 84 ] [ 3 28 ] ] # i
[ 4.265625 [ 4 0 ] [ 2 112 ] [ 4 28 ] ] # j
[ 9.59765625 [ 5 0 ] [ 10 112 ] [ 10 28 ] ] # k
[ 4.265625 [ 5 0 ] [ 24 112 ] [ 3 28 ] ] # l
[ 15.984375 [ 5 0 ] [ 31 112 ] [ 15 28 ] ] # m
[ 10.67578125 [ 5 0 ] [ 50 112 ] [ 10 28 ] ] # n
[ 10.67578125 [ 5 0 ] [ 64 112 ] [ 10 28 ] ] # o
[ 10.67578125 [ 5 0 ] [ 78 112 ] [ 10 28 ] ] # p
[ 10.67578125 [ 5 0 ] [ 92 112 ] [ 10 28 ] ] # q
[ 6.38671875 [ 6 0 ] [ 106 112 ] [ 5 28 ] ] # r
[ 9.59765625 [ 5 0 ] [ 115 112 ] [ 9 28 ] ] # s
[ 5.33203125 [ 4 0 ] [ 128 112 ] [ 6 28 ] ] # t
[ 10.67578125 [ 5 0 ] [ 138 112 ] [ 9 28 ] ] # u
[ 9.59765625 [ 4 0 ] [ 151 112 ] [ 10 28 ] ] # v
[ 13.86328125 [ 4 0 ] [ 165 112 ] [ 15 28 ] ] # w
[ 9.59765625 [ 4 0 ] [ 184 112 ] [ 10 28 ] ] # x
[ 9.59765625 [ 4 0 ] [ 198 112 ] [ 10 28 ] ] # y
[ 9.59765625 [ 5 0 ] [ 212 112 ] [ 9 28 ] ] # z
[ 6.41015625 [ 5 0 ] [ 225 112 ] [ 6 28 ] ] # {
[ 4.98046875 [ 6 0 ] [ 235 112 ] [ 2 28 ] ] # |
[ 6.41015625 [ 5 0 ] [ 241 112 ] [ 6 28 ] ] # }
[ 11.203125 [ 5 0 ] [ 2 140 ] [ 10 28 ] ] # ~
[ 7.473046875 [ 0 0 ] [ 16 140 ] [ 0 28 ] ] # 
