[ 11.20957031 [ 0 0 ] [ 2 0 ] [ 0 40 ] ] #  
[ 7.998046875 [ 7 0 ] [ 6 0 ] [ 3 40 ] ] # !
[ 10.21289062 [ 6 0 ] [ 13 0 ] [ 7 40 ] ] # "
[ 16.01367188 [ 5 0 ] [ 24 0 ] [ 15 40 ] ] # #
[ 16.01367188 [ 5 0 ] [ 43 0 ] [ 15 40 ] ] # $
[ 25.59375 [ 5 0 ] [ 62 0 ] [ 25 40 ] ] # %
[ 19.1953125 [ 5 0 ] [ 91 0 ] [ 19 40 ] ] # &
[ 5.484375 [ 6 0 ] [ 114 0 ] [ 3 40 ] ] # '
[ 9.580078125 [ 6 0 ] [ 121 0 ] [ 8 40 ] ] # (
[ 9.580078125 [ 5 0 ] [ 133 0 ] [ 8 40 ] ] # )
[ 11.19726562 [ 5 0 ] [ 145 0 ] [ 10 40 ] ] # *
[ 16.8046875 [ 5 0 ] [ 159 0 ] [ 16 40 ] ] # +
[ 7.998046875 [ 7 0 ] [ 179 0 ] [ 3 40 ] ] # ,
[ 9.580078125 [ 5 0 ] [ 186 0 ] [ 8 40 ] ] # -
[ 7.998046875 [ 7 0 ] [ 198 0 ] [ 3 40 ] ] # .
[ 7.998046875 [ 4 0 ] [ 205 0 ] [ 9 40 ] ] # /
[ 16.01367188 [ 5 0 ] [ 218 0 ] [ 15 40 ] ] # 0
[ 16.01367188 [ 7 0 ] [ 237 0 ] [ 8 40 ] ] # 1
[ 16.01367188 [ 5 0 ] [ 249 0 ] [ 15 40 ] ] # 2
[ 16.01367188 [ 5 0 ] [ 268 0 ] [ 15 40 ] ] # 3
[ 16.01367188 [ 5 0 ] [ 287 0 ] [ 15 40 ] ] # 4
[ 16.01367188 [ 5 0 ] [ 306 0 ] [ 15 40 ] ] # 5
[ 16.01367188 [ 5 0 ] [ 325 0 ] [ 15 40 ] ] # 6
[ 16.01367188 [ 5 0 ] [ 344 0 ] [ 15 40 ] ] # 7
[ 16.01367188 [ 5 0 ] [ 363 0 ] [ 15 40 ] ] # 8
[ 16.01367188 [ 5 0 ] [ 382 0 ] [ 15 40 ] ] # 9
[ 7.998046875 [ 7 0 ] [ 401 0 ] [ 3 40 ] ] # :
[ 7.998046875 [ 7 0 ] [ 408 0 ] [ 3 40 ] ] # ;
[ 16.8046875 [ 5 0 ] [ 415 0 ] [ 16 40 ] ] # <
[ 16.8046875 [ 5 0 ] [ 435 0 ] [ 16 40 ] ] # =
[ 16.8046875 [ 5 0 ] [ 455 0 ] [ 16 40 ] ] # >
[ 16.01367188 [ 6 0 ] [ 475 0 ] [ 13 40 ] ] # ?
[ 29.23242188 [ 8 0 ] [ 2 40 ] [ 22 40 ] ] # @
[ 19.1953125 [ 4 0 ] [ 28 40 ] [ 20 40 ] ] # A
[ 19.1953125 [ 6 0 ] [ 52 40 ] [ 17 40 ] ] # B
[ 20.79492188 [ 5 0 ] [ 73 40 ] [ 20 40 ] ] # C
[ 20.79492188 [ 6 0 ] [ 97 40 ] [ 19 40 ] ] # D
[ 19.1953125 [ 6 0 ] [ 120 40 ] [ 17 40 ] ] # E
[ 17.578125 [ 6 0 ] [ 141 40 ] [ 16 40 ] ] # F
[ 22.39453125 [ 5 0 ] [ 161 40 ] [ 21 40 ] ] # G
[ 20.79492188 [ 6 0 ] [ 186 40 ] [ 18 40 ] ] # H
[ 7.998046875 [ 7 0 ] [ 208 40 ] [ 3 40 ] ] # I
[ 14.39648438 [ 5 0 ] [ 215 40 ] [ 12 40 ] ] # J
[ 19.1953125 [ 6 0 ] [ 231 40 ] [ 18 40 ] ] # K
[ 16.01367188 [ 6 0 ] [ 253 40 ] [ 15 40 ] ] # L
[ 23.9765625 [ 6 0 ] [ 272 40 ] [ 21 40 ] ] # M
[ 20.79492188 [ 6 0 ] [ 297 40 ] [ 18 40 ] ] # N
[ 22.39453125 [ 5 0 ] [ 319 40 ] [ 22 40 ] ] # O
[ 19.1953125 [ 6 0 ] [ 345 40 ] [ 17 40 ] ] # P
[ 22.39453125 [ 5 0 ] [ 366 40 ] [ 22 40 ] ] # Q
[ 20.79492188 [ 7 0 ] [ 392 40 ] [ 18 40 ] ] # R
[ 19.1953125 [ 5 0 ] [ 414 40 ] [ 18 40 ] ] # S
[ 17.578125 [ 4 0 ] [ 436 40 ] [ 18 40 ] ] # T
[ 20.79492188 [ 6 0 ] [ 458 40 ] [ 18 40 ] ] # U
[ 19.1953125 [ 5 0 ] [ 480 40 ] [ 19 40 ] ] # V
[ 27.17578125 [ 4 0 ] [ 2 80 ] [ 28 40 ] ] # W
[ 19.1953125 [ 5 0 ] [ 34 80 ] [ 19 40 ] ] # X
[ 19.1953125 [ 4 0 ] [ 57 80 ] [ 20 40 ] ] # Y
[ 17.578125 [ 5 0 ] [ 81 80 ] [ 17 40 ] ] # Z
[ 7.998046875 [ 6 0 ] [ 102 80 ] [ 6 40 ] ] # [
[ 7.998046875 [ 4 0 ] [ 112 80 ] [ 9 40 ] ] # \
[ 7.998046875 [ 5 0 ] [ 125 80 ] [ 6 40 ] ] # ]
[ 13.5 [ 4 0 ] [ 135 80 ] [ 15 40 ] ] # ^
[ 16.01367188 [ 4 0 ] [ 154 80 ] [ 17 40 ] ] # _
[ 9.580078125 [ 6 0 ] [ 175 80 ] [ 4 40 ] ] # `
[ 16.01367188 [ 5 0 ] [ 183 80 ] [ 15 40 ] ] # a
[ 16.01367188 [ 6 0 ] [ 202 80 ] [ 14 40 ] ] # b
[ 14.39648438 [ 5 0 ] [ 220 80 ] [ 14 40 ] ] # c
[ 16.01367188 [ 5 0 ] [ 238 80 ] [ 15 40 ] ] # d
[ 16.01367188 [ 5 0 ] [ 257 80 ] [ 15 40 ] ] # e
[ 7.998046875 [ 4 0 ] [ 276 80 ] [ 9 40 ] ] # f
[ 16.01367188 [ 5 0 ] [ 289 80 ] [ 15 40 ] ] # g
[ 16.01367188 [ 6 0 ] [ 308 80 ] [ 13 40 ] ] # h
[ 6.3984375 [ 6 0 ] [ 325 80 ] [ 3 40 ] ] # i
[ 6.3984375 [ 4 0 ] [ 332 80 ] [ 5 40 ] ] # j
[ 14.39648438 [ 6 0 ] [ 341 80 ] [ 14 40 ] ] # k
[ 6.3984375 [ 6 0 ] [ 359 80 ] [ 3 40 ] ] # l
[ 23.9765625 [ 6 0 ] [ 366 80 ] [ 22 40 ] ] # m
[ 16.01367188 [ 6 0 ] [ 392 80 ] [ 13 40 ] ] # n
[ 16.01367188 [ 5 0 ] [ 409 80 ] [ 15 40 ] ] # o
[ 16.01367188 [ 6 0 ] [ 428 80 ] [ 14 40 ] ] # p
[ 16.01367188 [ 5 0 ] [ 446 80 ] [ 14 40 ] ] # q
[ 9.580078125 [ 6 0 ] [ 464 80 ] [ 9 40 ] ] # r
[ 14.39648438 [ 5 0 ] [ 477 80 ] [ 13 40 ] ] # s
[ 7.998046875 [ 4 0 ] [ 494 80 ] [ 8 40 ] ] # t
[ 16.01367188 [ 6 0 ] [ 2 120 ] [ 13 40 ] ] # u
[ 14.39648438 [ 4 0 ] [ 19 120 ] [ 15 40 ] ] # v
[ 20.79492188 [ 4 0 ] [ 38 120 ] [ 22 40 ] ] # w
[ 14.39648438 [ 4 0 ] [ 64 120 ] [ 15 40 ] ] # x
[ 14.39648438 [ 4 0 ] [ 83 120 ] [ 15 40 ] ] # y
[ 14.39648438 [ 5 0 ] [ 102 120 ] [ 14 40 ] ] # z
[ 9.615234375 [ 5 0 ] [ 120 120 ] [ 8 40 ] ] # {
[ 7.470703125 [ 7 0 ] [ 132 120 ] [ 3 40 ] ] # |
[ 9.615234375 [ 5 0 ] [ 139 120 ] [ 8 40 ] ] # }
[ 16.8046875 [ 6 0 ] [ 151 120 ] [ 14 40 ] ] # ~
[ 11.20957031 [ 0 0 ] [ 169 120 ] [ 0 40 ] ] # 
