[ 10.90058594 [ 0 0 ] [ 2 0 ] [ 0 32 ] ] #  
[ 9.32421875 [ 7 0 ] [ 6 0 ] [ 5 32 ] ] # !
[ 13.27539062 [ 5 0 ] [ 15 0 ] [ 12 32 ] ] # "
[ 15.57226562 [ 4 0 ] [ 31 0 ] [ 16 32 ] ] # #
[ 15.57226562 [ 5 0 ] [ 51 0 ] [ 15 32 ] ] # $
[ 24.89648438 [ 5 0 ] [ 70 0 ] [ 24 32 ] ] # %
[ 20.22070312 [ 6 0 ] [ 98 0 ] [ 18 32 ] ] # &
[ 6.658203125 [ 6 0 ] [ 120 0 ] [ 4 32 ] ] # '
[ 9.32421875 [ 5 0 ] [ 128 0 ] [ 8 32 ] ] # (
[ 9.32421875 [ 5 0 ] [ 140 0 ] [ 8 32 ] ] # )
[ 10.89648438 [ 5 0 ] [ 152 0 ] [ 10 32 ] ] # *
[ 16.3515625 [ 5 0 ] [ 166 0 ] [ 15 32 ] ] # +
[ 7.779296875 [ 6 0 ] [ 185 0 ] [ 5 32 ] ] # ,
[ 9.32421875 [ 5 0 ] [ 194 0 ] [ 8 32 ] ] # -
[ 7.779296875 [ 6 0 ] [ 206 0 ] [ 5 32 ] ] # .
[ 7.779296875 [ 4 0 ] [ 215 0 ] [ 8 32 ] ] # /
[ 15.57226562 [ 5 0 ] [ 227 0 ] [ 14 32 ] ] # 0
[ 15.57226562 [ 6 0 ] [ 245 0 ] [ 9 32 ] ] # 1
[ 15.57226562 [ 5 0 ] [ 2 32 ] [ 14 32 ] ] # 2
[ 15.57226562 [ 5 0 ] [ 20 32 ] [ 14 32 ] ] # 3
[ 15.57226562 [ 5 0 ] [ 38 32 ] [ 14 32 ] ] # 4
[ 15.57226562 [ 5 0 ] [ 56 32 ] [ 14 32 ] ] # 5
[ 15.57226562 [ 5 0 ] [ 74 32 ] [ 14 32 ] ] # 6
[ 15.57226562 [ 5 0 ] [ 92 32 ] [ 15 32 ] ] # 7
[ 15.57226562 [ 5 0 ] [ 111 32 ] [ 15 32 ] ] # 8
[ 15.57226562 [ 5 0 ] [ 130 32 ] [ 14 32 ] ] # 9
[ 9.32421875 [ 7 0 ] [ 148 32 ] [ 5 32 ] ] # :
[ 9.32421875 [ 7 0 ] [ 157 32 ] [ 5 32 ] ] # ;
[ 16.3515625 [ 5 0 ] [ 166 32 ] [ 15 32 ] ] # <
[ 16.3515625 [ 5 0 ] [ 185 32 ] [ 15 32 ] ] # =
[ 16.3515625 [ 5 0 ] [ 204 32 ] [ 15 32 ] ] # >
[ 17.10351562 [ 6 0 ] [ 223 32 ] [ 14 32 ] ] # ?
[ 27.30273438 [ 5 0 ] [ 2 64 ] [ 26 32 ] ] # @
[ 20.22070312 [ 5 0 ] [ 32 64 ] [ 19 32 ] ] # A
[ 20.22070312 [ 6 0 ] [ 55 64 ] [ 17 32 ] ] # B
[ 20.22070312 [ 5 0 ] [ 76 64 ] [ 19 32 ] ] # C
[ 20.22070312 [ 6 0 ] [ 99 64 ] [ 18 32 ] ] # D
[ 18.67578125 [ 6 0 ] [ 121 64 ] [ 16 32 ] ] # E
[ 17.10351562 [ 6 0 ] [ 141 64 ] [ 15 32 ] ] # F
[ 21.77929688 [ 5 0 ] [ 160 64 ] [ 20 32 ] ] # G
[ 20.22070312 [ 6 0 ] [ 184 64 ] [ 17 32 ] ] # H
[ 7.779296875 [ 6 0 ] [ 205 64 ] [ 5 32 ] ] # I
[ 15.57226562 [ 5 0 ] [ 214 64 ] [ 13 32 ] ] # J
[ 20.22070312 [ 6 0 ] [ 231 64 ] [ 19 32 ] ] # K
[ 17.10351562 [ 6 0 ] [ 2 96 ] [ 15 32 ] ] # L
[ 23.32421875 [ 6 0 ] [ 21 96 ] [ 21 32 ] ] # M
[ 20.22070312 [ 6 0 ] [ 46 96 ] [ 17 32 ] ] # N
[ 21.77929688 [ 5 0 ] [ 67 96 ] [ 21 32 ] ] # O
[ 18.67578125 [ 6 0 ] [ 92 96 ] [ 17 32 ] ] # P
[ 21.77929688 [ 5 0 ] [ 113 96 ] [ 21 32 ] ] # Q
[ 20.22070312 [ 6 0 ] [ 138 96 ] [ 18 32 ] ] # R
[ 18.67578125 [ 5 0 ] [ 160 96 ] [ 18 32 ] ] # S
[ 17.10351562 [ 4 0 ] [ 182 96 ] [ 18 32 ] ] # T
[ 20.22070312 [ 6 0 ] [ 204 96 ] [ 17 32 ] ] # U
[ 18.67578125 [ 5 0 ] [ 225 96 ] [ 18 32 ] ] # V
[ 26.42773438 [ 4 0 ] [ 2 128 ] [ 27 32 ] ] # W
[ 18.67578125 [ 5 0 ] [ 33 128 ] [ 18 32 ] ] # X
[ 18.67578125 [ 5 0 ] [ 55 128 ] [ 18 32 ] ] # Y
[ 17.10351562 [ 5 0 ] [ 77 128 ] [ 16 32 ] ] # Z
[ 9.32421875 [ 6 0 ] [ 97 128 ] [ 7 32 ] ] # [
[ 7.779296875 [ 4 0 ] [ 108 128 ] [ 9 32 ] ] # \
[ 9.32421875 [ 5 0 ] [ 121 128 ] [ 7 32 ] ] # ]
[ 16.3515625 [ 6 0 ] [ 132 128 ] [ 13 32 ] ] # ^
[ 15.57226562 [ 3 0 ] [ 149 128 ] [ 18 32 ] ] # _
[ 9.32421875 [ 6 0 ] [ 171 128 ] [ 4 32 ] ] # `
[ 15.57226562 [ 5 0 ] [ 179 128 ] [ 14 32 ] ] # a
[ 17.10351562 [ 6 0 ] [ 197 128 ] [ 15 32 ] ] # b
[ 15.57226562 [ 5 0 ] [ 216 128 ] [ 14 32 ] ] # c
[ 17.10351562 [ 5 0 ] [ 234 128 ] [ 15 32 ] ] # d
[ 15.57226562 [ 5 0 ] [ 2 160 ] [ 14 32 ] ] # e
[ 9.32421875 [ 4 0 ] [ 20 160 ] [ 10 32 ] ] # f
[ 17.10351562 [ 5 0 ] [ 34 160 ] [ 15 32 ] ] # g
[ 17.10351562 [ 6 0 ] [ 53 160 ] [ 14 32 ] ] # h
[ 7.779296875 [ 6 0 ] [ 71 160 ] [ 5 32 ] ] # i
[ 7.779296875 [ 4 0 ] [ 80 160 ] [ 7 32 ] ] # j
[ 15.57226562 [ 6 0 ] [ 91 160 ] [ 14 32 ] ] # k
[ 7.779296875 [ 6 0 ] [ 109 160 ] [ 5 32 ] ] # l
[ 24.89648438 [ 6 0 ] [ 118 160 ] [ 22 32 ] ] # m
[ 17.10351562 [ 6 0 ] [ 144 160 ] [ 14 32 ] ] # n
[ 17.10351562 [ 5 0 ] [ 162 160 ] [ 16 32 ] ] # o
[ 17.10351562 [ 6 0 ] [ 182 160 ] [ 15 32 ] ] # p
[ 17.10351562 [ 5 0 ] [ 201 160 ] [ 15 32 ] ] # q
[ 10.89648438 [ 6 0 ] [ 220 160 ] [ 9 32 ] ] # r
[ 15.57226562 [ 5 0 ] [ 233 160 ] [ 14 32 ] ] # s
[ 9.32421875 [ 4 0 ] [ 2 192 ] [ 9 32 ] ] # t
[ 17.10351562 [ 6 0 ] [ 15 192 ] [ 14 32 ] ] # u
[ 15.57226562 [ 4 0 ] [ 33 192 ] [ 16 32 ] ] # v
[ 21.77929688 [ 4 0 ] [ 53 192 ] [ 22 32 ] ] # w
[ 15.57226562 [ 5 0 ] [ 79 192 ] [ 15 32 ] ] # x
[ 15.57226562 [ 4 0 ] [ 98 192 ] [ 16 32 ] ] # y
[ 14.0 [ 5 0 ] [ 118 192 ] [ 13 32 ] ] # z
[ 10.89648438 [ 5 0 ] [ 135 192 ] [ 9 32 ] ] # {
[ 7.833984375 [ 7 0 ] [ 148 192 ] [ 3 32 ] ] # |
[ 10.89648438 [ 6 0 ] [ 155 192 ] [ 9 32 ] ] # }
[ 16.3515625 [ 6 0 ] [ 168 192 ] [ 13 32 ] ] # ~
[ 10.90058594 [ 0 0 ] [ 185 192 ] [ 0 32 ] ] # 
