[ 8.4 [ 0 0 ] [ 2 0 ] [ 0 28 ] ] #  
[ 7.9921875 [ 7 0 ] [ 6 0 ] [ 3 28 ] ] # !
[ 9.796875 [ 6 0 ] [ 13 0 ] [ 7 28 ] ] # "
[ 12.0 [ 4 0 ] [ 24 0 ] [ 13 28 ] ] # #
[ 12.0 [ 5 0 ] [ 41 0 ] [ 11 28 ] ] # $
[ 19.9921875 [ 5 0 ] [ 56 0 ] [ 18 28 ] ] # %
[ 18.66796875 [ 5 0 ] [ 78 0 ] [ 18 28 ] ] # &
[ 4.32421875 [ 6 0 ] [ 100 0 ] [ 4 28 ] ] # '
[ 7.9921875 [ 5 0 ] [ 108 0 ] [ 7 28 ] ] # (
[ 7.9921875 [ 5 0 ] [ 119 0 ] [ 7 28 ] ] # )
[ 12.0 [ 6 0 ] [ 130 0 ] [ 9 28 ] ] # *
[ 13.53515625 [ 5 0 ] [ 143 0 ] [ 13 28 ] ] # +
[ 6.0 [ 5 0 ] [ 160 0 ] [ 5 28 ] ] # ,
[ 7.9921875 [ 5 0 ] [ 169 0 ] [ 7 28 ] ] # -
[ 6.0 [ 6 0 ] [ 180 0 ] [ 3 28 ] ] # .
[ 6.66796875 [ 4 0 ] [ 187 0 ] [ 8 28 ] ] # /
[ 12.0 [ 5 0 ] [ 199 0 ] [ 11 28 ] ] # 0
[ 12.0 [ 7 0 ] [ 214 0 ] [ 7 28 ] ] # 1
[ 12.0 [ 5 0 ] [ 225 0 ] [ 11 28 ] ] # 2
[ 12.0 [ 5 0 ] [ 240 0 ] [ 10 28 ] ] # 3
[ 12.0 [ 4 0 ] [ 2 28 ] [ 12 28 ] ] # 4
[ 12.0 [ 5 0 ] [ 18 28 ] [ 10 28 ] ] # 5
[ 12.0 [ 5 0 ] [ 32 28 ] [ 11 28 ] ] # 6
[ 12.0 [ 5 0 ] [ 47 28 ] [ 11 28 ] ] # 7
[ 12.0 [ 5 0 ] [ 62 28 ] [ 10 28 ] ] # 8
[ 12.0 [ 5 0 ] [ 76 28 ] [ 11 28 ] ] # 9
[ 6.66796875 [ 6 0 ] [ 91 28 ] [ 3 28 ] ] # :
[ 6.66796875 [ 6 0 ] [ 98 28 ] [ 4 28 ] ] # ;
[ 13.53515625 [ 5 0 ] [ 106 28 ] [ 13 28 ] ] # <
[ 13.53515625 [ 5 0 ] [ 123 28 ] [ 13 28 ] ] # =
[ 13.53515625 [ 5 0 ] [ 140 28 ] [ 13 28 ] ] # >
[ 10.65234375 [ 6 0 ] [ 157 28 ] [ 9 28 ] ] # ?
[ 22.1015625 [ 7 0 ] [ 170 28 ] [ 17 28 ] ] # @
[ 17.33203125 [ 4 0 ] [ 191 28 ] [ 18 28 ] ] # A
[ 16.0078125 [ 4 0 ] [ 213 28 ] [ 15 28 ] ] # B
[ 16.0078125 [ 5 0 ] [ 232 28 ] [ 15 28 ] ] # C
[ 17.33203125 [ 4 0 ] [ 2 56 ] [ 17 28 ] ] # D
[ 14.66015625 [ 4 0 ] [ 23 56 ] [ 15 28 ] ] # E
[ 13.34765625 [ 4 0 ] [ 42 56 ] [ 14 28 ] ] # F
[ 17.33203125 [ 5 0 ] [ 60 56 ] [ 17 28 ] ] # G
[ 17.33203125 [ 4 0 ] [ 81 56 ] [ 18 28 ] ] # H
[ 7.9921875 [ 4 0 ] [ 103 56 ] [ 8 28 ] ] # I
[ 9.33984375 [ 4 0 ] [ 115 56 ] [ 10 28 ] ] # J
[ 17.33203125 [ 5 0 ] [ 129 56 ] [ 17 28 ] ] # K
[ 14.66015625 [ 4 0 ] [ 150 56 ] [ 15 28 ] ] # L
[ 21.33984375 [ 4 0 ] [ 169 56 ] [ 22 28 ] ] # M
[ 17.33203125 [ 4 0 ] [ 195 56 ] [ 18 28 ] ] # N
[ 17.33203125 [ 5 0 ] [ 217 56 ] [ 16 28 ] ] # O
[ 13.34765625 [ 4 0 ] [ 237 56 ] [ 14 28 ] ] # P
[ 17.33203125 [ 5 0 ] [ 2 84 ] [ 17 28 ] ] # Q
[ 16.0078125 [ 4 0 ] [ 23 84 ] [ 17 28 ] ] # R
[ 13.34765625 [ 5 0 ] [ 44 84 ] [ 12 28 ] ] # S
[ 14.66015625 [ 4 0 ] [ 60 84 ] [ 15 28 ] ] # T
[ 17.33203125 [ 4 0 ] [ 79 84 ] [ 18 28 ] ] # U
[ 17.33203125 [ 4 0 ] [ 101 84 ] [ 18 28 ] ] # V
[ 22.65234375 [ 4 0 ] [ 123 84 ] [ 23 28 ] ] # W
[ 17.33203125 [ 4 0 ] [ 150 84 ] [ 18 28 ] ] # X
[ 17.33203125 [ 5 0 ] [ 172 84 ] [ 17 28 ] ] # Y
[ 14.66015625 [ 4 0 ] [ 193 84 ] [ 15 28 ] ] # Z
[ 7.9921875 [ 6 0 ] [ 212 84 ] [ 6 28 ] ] # [
[ 6.66796875 [ 4 0 ] [ 222 84 ] [ 8 28 ] ] # \
[ 7.9921875 [ 5 0 ] [ 234 84 ] [ 6 28 ] ] # ]
[ 11.26171875 [ 5 0 ] [ 244 84 ] [ 10 28 ] ] # ^
[ 12.0 [ 4 0 ] [ 2 112 ] [ 13 28 ] ] # _
[ 7.9921875 [ 7 0 ] [ 19 112 ] [ 4 28 ] ] # `
[ 10.65234375 [ 5 0 ] [ 27 112 ] [ 10 28 ] ] # a
[ 12.0 [ 4 0 ] [ 41 112 ] [ 12 28 ] ] # b
[ 10.65234375 [ 5 0 ] [ 57 112 ] [ 10 28 ] ] # c
[ 12.0 [ 5 0 ] [ 71 112 ] [ 12 28 ] ] # d
[ 10.65234375 [ 5 0 ] [ 87 112 ] [ 10 28 ] ] # e
[ 7.9921875 [ 4 0 ] [ 101 112 ] [ 10 28 ] ] # f
[ 12.0 [ 5 0 ] [ 115 112 ] [ 11 28 ] ] # g
[ 12.0 [ 4 0 ] [ 130 112 ] [ 12 28 ] ] # h
[ 6.66796875 [ 4 0 ] [ 146 112 ] [ 7 28 ] ] # i
[ 6.66796875 [ 2 0 ] [ 157 112 ] [ 7 28 ] ] # j
[ 12.0 [ 4 0 ] [ 168 112 ] [ 13 28 ] ] # k
[ 6.66796875 [ 4 0 ] [ 185 112 ] [ 7 28 ] ] # l
[ 18.66796875 [ 4 0 ] [ 196 112 ] [ 19 28 ] ] # m
[ 12.0 [ 4 0 ] [ 219 112 ] [ 12 28 ] ] # n
[ 12.0 [ 5 0 ] [ 235 112 ] [ 11 28 ] ] # o
[ 12.0 [ 4 0 ] [ 2 140 ] [ 12 28 ] ] # p
[ 12.0 [ 5 0 ] [ 18 140 ] [ 12 28 ] ] # q
[ 7.9921875 [ 4 0 ] [ 34 140 ] [ 9 28 ] ] # r
[ 9.33984375 [ 5 0 ] [ 47 140 ] [ 8 28 ] ] # s
[ 6.66796875 [ 4 0 ] [ 59 140 ] [ 7 28 ] ] # t
[ 12.0 [ 4 0 ] [ 70 140 ] [ 12 28 ] ] # u
[ 12.0 [ 4 0 ] [ 86 140 ] [ 12 28 ] ] # v
[ 17.33203125 [ 5 0 ] [ 102 140 ] [ 16 28 ] ] # w
[ 12.0 [ 4 0 ] [ 122 140 ] [ 12 28 ] ] # x
[ 12.0 [ 4 0 ] [ 138 140 ] [ 12 28 ] ] # y
[ 10.65234375 [ 5 0 ] [ 154 140 ] [ 10 28 ] ] # z
[ 11.51953125 [ 7 0 ] [ 168 140 ] [ 6 28 ] ] # {
[ 4.8046875 [ 6 0 ] [ 178 140 ] [ 2 28 ] ] # |
[ 11.51953125 [ 7 0 ] [ 184 140 ] [ 7 28 ] ] # }
[ 12.984375 [ 5 0 ] [ 195 140 ] [ 12 28 ] ] # ~
[ 8.4 [ 0 0 ] [ 211 140 ] [ 0 28 ] ] # 
