[ 6.3 [ 0 0 ] [ 2 0 ] [ 0 22 ] ] #  
[ 5.994140625 [ 6 0 ] [ 6 0 ] [ 3 22 ] ] # !
[ 7.34765625 [ 5 0 ] [ 13 0 ] [ 6 22 ] ] # "
[ 9.0 [ 4 0 ] [ 23 0 ] [ 10 22 ] ] # #
[ 9.0 [ 5 0 ] [ 37 0 ] [ 8 22 ] ] # $
[ 14.99414062 [ 5 0 ] [ 49 0 ] [ 14 22 ] ] # %
[ 14.00097656 [ 5 0 ] [ 67 0 ] [ 13 22 ] ] # &
[ 3.243164062 [ 5 0 ] [ 84 0 ] [ 4 22 ] ] # '
[ 5.994140625 [ 5 0 ] [ 92 0 ] [ 5 22 ] ] # (
[ 5.994140625 [ 5 0 ] [ 101 0 ] [ 5 22 ] ] # )
[ 9.0 [ 5 0 ] [ 110 0 ] [ 8 22 ] ] # *
[ 10.15136719 [ 5 0 ] [ 122 0 ] [ 9 22 ] ] # +
[ 4.5 [ 5 0 ] [ 135 0 ] [ 3 22 ] ] # ,
[ 5.994140625 [ 5 0 ] [ 142 0 ] [ 5 22 ] ] # -
[ 4.5 [ 5 0 ] [ 151 0 ] [ 3 22 ] ] # .
[ 5.000976562 [ 4 0 ] [ 158 0 ] [ 6 22 ] ] # /
[ 9.0 [ 4 0 ] [ 168 0 ] [ 9 22 ] ] # 0
[ 9.0 [ 6 0 ] [ 181 0 ] [ 6 22 ] ] # 1
[ 9.0 [ 5 0 ] [ 191 0 ] [ 8 22 ] ] # 2
[ 9.0 [ 5 0 ] [ 203 0 ] [ 8 22 ] ] # 3
[ 9.0 [ 4 0 ] [ 215 0 ] [ 9 22 ] ] # 4
[ 9.0 [ 5 0 ] [ 228 0 ] [ 8 22 ] ] # 5
[ 9.0 [ 5 0 ] [ 240 0 ] [ 8 22 ] ] # 6
[ 9.0 [ 4 0 ] [ 2 22 ] [ 9 22 ] ] # 7
[ 9.0 [ 5 0 ] [ 15 22 ] [ 8 22 ] ] # 8
[ 9.0 [ 5 0 ] [ 27 22 ] [ 8 22 ] ] # 9
[ 5.000976562 [ 5 0 ] [ 39 22 ] [ 3 22 ] ] # :
[ 5.000976562 [ 5 0 ] [ 46 22 ] [ 4 22 ] ] # ;
[ 10.15136719 [ 5 0 ] [ 54 22 ] [ 9 22 ] ] # <
[ 10.15136719 [ 5 0 ] [ 67 22 ] [ 9 22 ] ] # =
[ 10.15136719 [ 5 0 ] [ 80 22 ] [ 9 22 ] ] # >
[ 7.989257812 [ 5 0 ] [ 93 22 ] [ 7 22 ] ] # ?
[ 16.57617188 [ 6 0 ] [ 104 22 ] [ 13 22 ] ] # @
[ 12.99902344 [ 4 0 ] [ 121 22 ] [ 14 22 ] ] # A
[ 12.00585938 [ 4 0 ] [ 139 22 ] [ 11 22 ] ] # B
[ 12.00585938 [ 5 0 ] [ 154 22 ] [ 11 22 ] ] # C
[ 12.99902344 [ 4 0 ] [ 169 22 ] [ 13 22 ] ] # D
[ 10.99511719 [ 4 0 ] [ 186 22 ] [ 12 22 ] ] # E
[ 10.01074219 [ 4 0 ] [ 202 22 ] [ 11 22 ] ] # F
[ 12.99902344 [ 5 0 ] [ 217 22 ] [ 13 22 ] ] # G
[ 12.99902344 [ 4 0 ] [ 234 22 ] [ 13 22 ] ] # H
[ 5.994140625 [ 4 0 ] [ 2 44 ] [ 6 22 ] ] # I
[ 7.004882812 [ 4 0 ] [ 12 44 ] [ 7 22 ] ] # J
[ 12.99902344 [ 5 0 ] [ 23 44 ] [ 13 22 ] ] # K
[ 10.99511719 [ 4 0 ] [ 40 44 ] [ 12 22 ] ] # L
[ 16.00488281 [ 4 0 ] [ 56 44 ] [ 16 22 ] ] # M
[ 12.99902344 [ 4 0 ] [ 76 44 ] [ 14 22 ] ] # N
[ 12.99902344 [ 5 0 ] [ 94 44 ] [ 12 22 ] ] # O
[ 10.01074219 [ 4 0 ] [ 110 44 ] [ 11 22 ] ] # P
[ 12.99902344 [ 5 0 ] [ 125 44 ] [ 12 22 ] ] # Q
[ 12.00585938 [ 4 0 ] [ 141 44 ] [ 13 22 ] ] # R
[ 10.01074219 [ 5 0 ] [ 158 44 ] [ 9 22 ] ] # S
[ 10.99511719 [ 4 0 ] [ 171 44 ] [ 11 22 ] ] # T
[ 12.99902344 [ 4 0 ] [ 186 44 ] [ 13 22 ] ] # U
[ 12.99902344 [ 4 0 ] [ 203 44 ] [ 13 22 ] ] # V
[ 16.98925781 [ 4 0 ] [ 220 44 ] [ 18 22 ] ] # W
[ 12.99902344 [ 4 0 ] [ 2 66 ] [ 13 22 ] ] # X
[ 12.99902344 [ 4 0 ] [ 19 66 ] [ 13 22 ] ] # Y
[ 10.99511719 [ 4 0 ] [ 36 66 ] [ 12 22 ] ] # Z
[ 5.994140625 [ 6 0 ] [ 52 66 ] [ 4 22 ] ] # [
[ 5.000976562 [ 4 0 ] [ 60 66 ] [ 6 22 ] ] # \
[ 5.994140625 [ 5 0 ] [ 70 66 ] [ 4 22 ] ] # ]
[ 8.446289062 [ 5 0 ] [ 78 66 ] [ 8 22 ] ] # ^
[ 9.0 [ 4 0 ] [ 90 66 ] [ 10 22 ] ] # _
[ 5.994140625 [ 6 0 ] [ 104 66 ] [ 3 22 ] ] # `
[ 7.989257812 [ 5 0 ] [ 111 66 ] [ 8 22 ] ] # a
[ 9.0 [ 4 0 ] [ 123 66 ] [ 9 22 ] ] # b
[ 7.989257812 [ 4 0 ] [ 136 66 ] [ 8 22 ] ] # c
[ 9.0 [ 4 0 ] [ 148 66 ] [ 10 22 ] ] # d
[ 7.989257812 [ 4 0 ] [ 162 66 ] [ 8 22 ] ] # e
[ 5.994140625 [ 4 0 ] [ 174 66 ] [ 8 22 ] ] # f
[ 9.0 [ 5 0 ] [ 186 66 ] [ 8 22 ] ] # g
[ 9.0 [ 4 0 ] [ 198 66 ] [ 10 22 ] ] # h
[ 5.000976562 [ 4 0 ] [ 212 66 ] [ 5 22 ] ] # i
[ 5.000976562 [ 3 0 ] [ 221 66 ] [ 5 22 ] ] # j
[ 9.0 [ 4 0 ] [ 230 66 ] [ 10 22 ] ] # k
[ 5.000976562 [ 4 0 ] [ 244 66 ] [ 5 22 ] ] # l
[ 14.00097656 [ 4 0 ] [ 2 88 ] [ 15 22 ] ] # m
[ 9.0 [ 4 0 ] [ 21 88 ] [ 10 22 ] ] # n
[ 9.0 [ 5 0 ] [ 35 88 ] [ 8 22 ] ] # o
[ 9.0 [ 4 0 ] [ 47 88 ] [ 9 22 ] ] # p
[ 9.0 [ 4 0 ] [ 60 88 ] [ 10 22 ] ] # q
[ 5.994140625 [ 4 0 ] [ 74 88 ] [ 7 22 ] ] # r
[ 7.004882812 [ 5 0 ] [ 85 88 ] [ 6 22 ] ] # s
[ 5.000976562 [ 4 0 ] [ 95 88 ] [ 6 22 ] ] # t
[ 9.0 [ 4 0 ] [ 105 88 ] [ 9 22 ] ] # u
[ 9.0 [ 4 0 ] [ 118 88 ] [ 9 22 ] ] # v
[ 12.99902344 [ 4 0 ] [ 131 88 ] [ 13 22 ] ] # w
[ 9.0 [ 4 0 ] [ 148 88 ] [ 9 22 ] ] # x
[ 9.0 [ 4 0 ] [ 161 88 ] [ 9 22 ] ] # y
[ 7.989257812 [ 4 0 ] [ 174 88 ] [ 8 22 ] ] # z
[ 8.639648438 [ 6 0 ] [ 186 88 ] [ 5 22 ] ] # {
[ 3.603515625 [ 5 0 ] [ 195 88 ] [ 2 22 ] ] # |
[ 8.639648438 [ 6 0 ] [ 201 88 ] [ 6 22 ] ] # }
[ 9.73828125 [ 5 0 ] [ 211 88 ] [ 9 22 ] ] # ~
[ 6.3 [ 0 0 ] [ 224 88 ] [ 0 22 ] ] # 
