[ 6.3 [ 0 0 ] [ 2 0 ] [ 0 22 ] ] #  
[ 5.994140625 [ 5 0 ] [ 6 0 ] [ 4 22 ] ] # !
[ 9.993164062 [ 5 0 ] [ 14 0 ] [ 8 22 ] ] # "
[ 9.0 [ 4 0 ] [ 26 0 ] [ 10 22 ] ] # #
[ 9.0 [ 4 0 ] [ 40 0 ] [ 9 22 ] ] # $
[ 18.0 [ 6 0 ] [ 53 0 ] [ 15 22 ] ] # %
[ 14.99414062 [ 5 0 ] [ 72 0 ] [ 14 22 ] ] # &
[ 5.000976562 [ 5 0 ] [ 90 0 ] [ 5 22 ] ] # '
[ 5.994140625 [ 5 0 ] [ 99 0 ] [ 5 22 ] ] # (
[ 5.994140625 [ 4 0 ] [ 108 0 ] [ 6 22 ] ] # )
[ 9.0 [ 5 0 ] [ 118 0 ] [ 8 22 ] ] # *
[ 10.25683594 [ 5 0 ] [ 130 0 ] [ 9 22 ] ] # +
[ 4.5 [ 5 0 ] [ 143 0 ] [ 4 22 ] ] # ,
[ 5.994140625 [ 5 0 ] [ 151 0 ] [ 5 22 ] ] # -
[ 4.5 [ 5 0 ] [ 160 0 ] [ 4 22 ] ] # .
[ 5.000976562 [ 4 0 ] [ 168 0 ] [ 6 22 ] ] # /
[ 9.0 [ 4 0 ] [ 178 0 ] [ 9 22 ] ] # 0
[ 9.0 [ 5 0 ] [ 191 0 ] [ 8 22 ] ] # 1
[ 9.0 [ 4 0 ] [ 203 0 ] [ 9 22 ] ] # 2
[ 9.0 [ 4 0 ] [ 216 0 ] [ 9 22 ] ] # 3
[ 9.0 [ 4 0 ] [ 229 0 ] [ 9 22 ] ] # 4
[ 9.0 [ 4 0 ] [ 242 0 ] [ 9 22 ] ] # 5
[ 9.0 [ 5 0 ] [ 2 22 ] [ 8 22 ] ] # 6
[ 9.0 [ 4 0 ] [ 14 22 ] [ 9 22 ] ] # 7
[ 9.0 [ 4 0 ] [ 27 22 ] [ 9 22 ] ] # 8
[ 9.0 [ 4 0 ] [ 40 22 ] [ 9 22 ] ] # 9
[ 5.994140625 [ 5 0 ] [ 53 22 ] [ 4 22 ] ] # :
[ 5.994140625 [ 5 0 ] [ 61 22 ] [ 5 22 ] ] # ;
[ 10.25683594 [ 5 0 ] [ 70 22 ] [ 10 22 ] ] # <
[ 10.25683594 [ 5 0 ] [ 84 22 ] [ 9 22 ] ] # =
[ 10.25683594 [ 5 0 ] [ 97 22 ] [ 10 22 ] ] # >
[ 9.0 [ 5 0 ] [ 111 22 ] [ 8 22 ] ] # ?
[ 16.74316406 [ 6 0 ] [ 123 22 ] [ 14 22 ] ] # @
[ 12.99902344 [ 4 0 ] [ 141 22 ] [ 13 22 ] ] # A
[ 12.00585938 [ 4 0 ] [ 158 22 ] [ 12 22 ] ] # B
[ 12.99902344 [ 5 0 ] [ 174 22 ] [ 12 22 ] ] # C
[ 12.99902344 [ 4 0 ] [ 190 22 ] [ 13 22 ] ] # D
[ 12.00585938 [ 4 0 ] [ 207 22 ] [ 12 22 ] ] # E
[ 10.99511719 [ 4 0 ] [ 223 22 ] [ 11 22 ] ] # F
[ 14.00097656 [ 5 0 ] [ 238 22 ] [ 13 22 ] ] # G
[ 14.00097656 [ 4 0 ] [ 2 44 ] [ 14 22 ] ] # H
[ 7.004882812 [ 4 0 ] [ 20 44 ] [ 7 22 ] ] # I
[ 9.0 [ 4 0 ] [ 31 44 ] [ 9 22 ] ] # J
[ 14.00097656 [ 5 0 ] [ 44 44 ] [ 14 22 ] ] # K
[ 12.00585938 [ 4 0 ] [ 62 44 ] [ 12 22 ] ] # L
[ 16.98925781 [ 4 0 ] [ 78 44 ] [ 17 22 ] ] # M
[ 12.99902344 [ 4 0 ] [ 99 44 ] [ 13 22 ] ] # N
[ 14.00097656 [ 5 0 ] [ 116 44 ] [ 13 22 ] ] # O
[ 10.99511719 [ 4 0 ] [ 133 44 ] [ 12 22 ] ] # P
[ 14.00097656 [ 5 0 ] [ 149 44 ] [ 13 22 ] ] # Q
[ 12.99902344 [ 4 0 ] [ 166 44 ] [ 14 22 ] ] # R
[ 10.01074219 [ 5 0 ] [ 184 44 ] [ 9 22 ] ] # S
[ 12.00585938 [ 5 0 ] [ 197 44 ] [ 11 22 ] ] # T
[ 12.99902344 [ 4 0 ] [ 212 44 ] [ 13 22 ] ] # U
[ 12.99902344 [ 4 0 ] [ 229 44 ] [ 13 22 ] ] # V
[ 18.0 [ 4 0 ] [ 2 66 ] [ 18 22 ] ] # W
[ 12.99902344 [ 4 0 ] [ 24 66 ] [ 13 22 ] ] # X
[ 12.99902344 [ 4 0 ] [ 41 66 ] [ 13 22 ] ] # Y
[ 12.00585938 [ 5 0 ] [ 58 66 ] [ 11 22 ] ] # Z
[ 5.994140625 [ 5 0 ] [ 73 66 ] [ 5 22 ] ] # [
[ 5.000976562 [ 4 0 ] [ 82 66 ] [ 6 22 ] ] # \
[ 5.994140625 [ 5 0 ] [ 92 66 ] [ 5 22 ] ] # ]
[ 10.45898438 [ 5 0 ] [ 101 66 ] [ 9 22 ] ] # ^
[ 9.0 [ 4 0 ] [ 114 66 ] [ 10 22 ] ] # _
[ 5.994140625 [ 5 0 ] [ 128 66 ] [ 4 22 ] ] # `
[ 9.0 [ 4 0 ] [ 136 66 ] [ 10 22 ] ] # a
[ 10.01074219 [ 4 0 ] [ 150 66 ] [ 10 22 ] ] # b
[ 7.989257812 [ 4 0 ] [ 164 66 ] [ 8 22 ] ] # c
[ 10.01074219 [ 4 0 ] [ 176 66 ] [ 10 22 ] ] # d
[ 7.989257812 [ 4 0 ] [ 190 66 ] [ 8 22 ] ] # e
[ 5.994140625 [ 4 0 ] [ 202 66 ] [ 8 22 ] ] # f
[ 9.0 [ 4 0 ] [ 214 66 ] [ 9 22 ] ] # g
[ 10.01074219 [ 4 0 ] [ 227 66 ] [ 10 22 ] ] # h
[ 5.000976562 [ 4 0 ] [ 241 66 ] [ 5 22 ] ] # i
[ 5.994140625 [ 3 0 ] [ 2 88 ] [ 7 22 ] ] # j
[ 10.01074219 [ 4 0 ] [ 13 88 ] [ 11 22 ] ] # k
[ 5.000976562 [ 4 0 ] [ 28 88 ] [ 5 22 ] ] # l
[ 14.99414062 [ 4 0 ] [ 37 88 ] [ 16 22 ] ] # m
[ 10.01074219 [ 4 0 ] [ 57 88 ] [ 11 22 ] ] # n
[ 9.0 [ 4 0 ] [ 72 88 ] [ 9 22 ] ] # o
[ 10.01074219 [ 4 0 ] [ 85 88 ] [ 10 22 ] ] # p
[ 10.01074219 [ 5 0 ] [ 99 88 ] [ 9 22 ] ] # q
[ 7.989257812 [ 5 0 ] [ 112 88 ] [ 8 22 ] ] # r
[ 7.004882812 [ 4 0 ] [ 124 88 ] [ 7 22 ] ] # s
[ 5.994140625 [ 4 0 ] [ 135 88 ] [ 7 22 ] ] # t
[ 10.01074219 [ 4 0 ] [ 146 88 ] [ 10 22 ] ] # u
[ 9.0 [ 4 0 ] [ 160 88 ] [ 10 22 ] ] # v
[ 12.99902344 [ 4 0 ] [ 174 88 ] [ 14 22 ] ] # w
[ 9.0 [ 4 0 ] [ 192 88 ] [ 10 22 ] ] # x
[ 9.0 [ 4 0 ] [ 206 88 ] [ 9 22 ] ] # y
[ 7.989257812 [ 4 0 ] [ 219 88 ] [ 8 22 ] ] # z
[ 7.092773438 [ 4 0 ] [ 231 88 ] [ 7 22 ] ] # {
[ 3.963867188 [ 5 0 ] [ 242 88 ] [ 3 22 ] ] # |
[ 7.092773438 [ 5 0 ] [ 2 110 ] [ 6 22 ] ] # }
[ 9.360351562 [ 5 0 ] [ 12 110 ] [ 9 22 ] ] # ~
[ 6.3 [ 0 0 ] [ 25 110 ] [ 0 22 ] ] # 
