[ 12.6 [ 0 0 ] [ 2 0 ] [ 0 40 ] ] #  
[ 11.98828125 [ 7 0 ] [ 6 0 ] [ 7 40 ] ] # !
[ 19.98632812 [ 7 0 ] [ 17 0 ] [ 15 40 ] ] # "
[ 18.0 [ 4 0 ] [ 36 0 ] [ 19 40 ] ] # #
[ 18.0 [ 5 0 ] [ 59 0 ] [ 17 40 ] ] # $
[ 36.0 [ 8 0 ] [ 80 0 ] [ 28 40 ] ] # %
[ 29.98828125 [ 6 0 ] [ 112 0 ] [ 27 40 ] ] # &
[ 10.00195312 [ 7 0 ] [ 143 0 ] [ 7 40 ] ] # '
[ 11.98828125 [ 6 0 ] [ 154 0 ] [ 10 40 ] ] # (
[ 11.98828125 [ 5 0 ] [ 168 0 ] [ 10 40 ] ] # )
[ 18.0 [ 6 0 ] [ 182 0 ] [ 15 40 ] ] # *
[ 20.51367188 [ 5 0 ] [ 201 0 ] [ 19 40 ] ] # +
[ 9.0 [ 5 0 ] [ 224 0 ] [ 8 40 ] ] # ,
[ 11.98828125 [ 6 0 ] [ 236 0 ] [ 9 40 ] ] # -
[ 9.0 [ 5 0 ] [ 249 0 ] [ 7 40 ] ] # .
[ 10.00195312 [ 3 0 ] [ 260 0 ] [ 13 40 ] ] # /
[ 18.0 [ 5 0 ] [ 277 0 ] [ 17 40 ] ] # 0
[ 18.0 [ 6 0 ] [ 298 0 ] [ 15 40 ] ] # 1
[ 18.0 [ 5 0 ] [ 317 0 ] [ 17 40 ] ] # 2
[ 18.0 [ 5 0 ] [ 338 0 ] [ 17 40 ] ] # 3
[ 18.0 [ 5 0 ] [ 359 0 ] [ 17 40 ] ] # 4
[ 18.0 [ 5 0 ] [ 380 0 ] [ 17 40 ] ] # 5
[ 18.0 [ 5 0 ] [ 401 0 ] [ 17 40 ] ] # 6
[ 18.0 [ 5 0 ] [ 422 0 ] [ 17 40 ] ] # 7
[ 18.0 [ 5 0 ] [ 443 0 ] [ 17 40 ] ] # 8
[ 18.0 [ 5 0 ] [ 464 0 ] [ 17 40 ] ] # 9
[ 11.98828125 [ 7 0 ] [ 485 0 ] [ 7 40 ] ] # :
[ 11.98828125 [ 7 0 ] [ 496 0 ] [ 7 40 ] ] # ;
[ 20.51367188 [ 5 0 ] [ 2 40 ] [ 19 40 ] ] # <
[ 20.51367188 [ 5 0 ] [ 25 40 ] [ 19 40 ] ] # =
[ 20.51367188 [ 5 0 ] [ 48 40 ] [ 19 40 ] ] # >
[ 18.0 [ 6 0 ] [ 71 40 ] [ 15 40 ] ] # ?
[ 33.48632812 [ 8 0 ] [ 90 40 ] [ 26 40 ] ] # @
[ 25.99804688 [ 4 0 ] [ 120 40 ] [ 26 40 ] ] # A
[ 24.01171875 [ 5 0 ] [ 150 40 ] [ 22 40 ] ] # B
[ 25.99804688 [ 6 0 ] [ 176 40 ] [ 23 40 ] ] # C
[ 25.99804688 [ 5 0 ] [ 203 40 ] [ 25 40 ] ] # D
[ 24.01171875 [ 5 0 ] [ 232 40 ] [ 23 40 ] ] # E
[ 21.99023438 [ 5 0 ] [ 259 40 ] [ 21 40 ] ] # F
[ 28.00195312 [ 5 0 ] [ 284 40 ] [ 27 40 ] ] # G
[ 28.00195312 [ 5 0 ] [ 315 40 ] [ 27 40 ] ] # H
[ 14.00976562 [ 5 0 ] [ 346 40 ] [ 13 40 ] ] # I
[ 18.0 [ 4 0 ] [ 363 40 ] [ 18 40 ] ] # J
[ 28.00195312 [ 5 0 ] [ 385 40 ] [ 27 40 ] ] # K
[ 24.01171875 [ 5 0 ] [ 416 40 ] [ 23 40 ] ] # L
[ 33.97851562 [ 5 0 ] [ 443 40 ] [ 33 40 ] ] # M
[ 25.99804688 [ 5 0 ] [ 480 40 ] [ 25 40 ] ] # N
[ 28.00195312 [ 5 0 ] [ 2 80 ] [ 27 40 ] ] # O
[ 21.99023438 [ 5 0 ] [ 33 80 ] [ 21 40 ] ] # P
[ 28.00195312 [ 5 0 ] [ 58 80 ] [ 27 40 ] ] # Q
[ 25.99804688 [ 5 0 ] [ 89 80 ] [ 26 40 ] ] # R
[ 20.02148438 [ 5 0 ] [ 119 80 ] [ 18 40 ] ] # S
[ 24.01171875 [ 5 0 ] [ 141 80 ] [ 23 40 ] ] # T
[ 25.99804688 [ 5 0 ] [ 168 80 ] [ 25 40 ] ] # U
[ 25.99804688 [ 5 0 ] [ 197 80 ] [ 25 40 ] ] # V
[ 36.0 [ 5 0 ] [ 226 80 ] [ 35 40 ] ] # W
[ 25.99804688 [ 5 0 ] [ 265 80 ] [ 25 40 ] ] # X
[ 25.99804688 [ 5 0 ] [ 294 80 ] [ 25 40 ] ] # Y
[ 24.01171875 [ 5 0 ] [ 323 80 ] [ 23 40 ] ] # Z
[ 11.98828125 [ 6 0 ] [ 350 80 ] [ 10 40 ] ] # [
[ 10.00195312 [ 3 0 ] [ 364 80 ] [ 13 40 ] ] # \
[ 11.98828125 [ 5 0 ] [ 381 80 ] [ 9 40 ] ] # ]
[ 20.91796875 [ 7 0 ] [ 394 80 ] [ 16 40 ] ] # ^
[ 18.0 [ 4 0 ] [ 414 80 ] [ 19 40 ] ] # _
[ 11.98828125 [ 7 0 ] [ 437 80 ] [ 7 40 ] ] # `
[ 18.0 [ 5 0 ] [ 448 80 ] [ 17 40 ] ] # a
[ 20.02148438 [ 5 0 ] [ 469 80 ] [ 19 40 ] ] # b
[ 15.97851562 [ 5 0 ] [ 492 80 ] [ 15 40 ] ] # c
[ 20.02148438 [ 5 0 ] [ 2 120 ] [ 19 40 ] ] # d
[ 15.97851562 [ 5 0 ] [ 25 120 ] [ 15 40 ] ] # e
[ 11.98828125 [ 5 0 ] [ 44 120 ] [ 14 40 ] ] # f
[ 18.0 [ 5 0 ] [ 62 120 ] [ 17 40 ] ] # g
[ 20.02148438 [ 5 0 ] [ 83 120 ] [ 19 40 ] ] # h
[ 10.00195312 [ 5 0 ] [ 106 120 ] [ 9 40 ] ] # i
[ 11.98828125 [ 2 0 ] [ 119 120 ] [ 12 40 ] ] # j
[ 20.02148438 [ 5 0 ] [ 135 120 ] [ 19 40 ] ] # k
[ 10.00195312 [ 5 0 ] [ 158 120 ] [ 9 40 ] ] # l
[ 29.98828125 [ 5 0 ] [ 171 120 ] [ 29 40 ] ] # m
[ 20.02148438 [ 5 0 ] [ 204 120 ] [ 19 40 ] ] # n
[ 18.0 [ 5 0 ] [ 227 120 ] [ 17 40 ] ] # o
[ 20.02148438 [ 5 0 ] [ 248 120 ] [ 19 40 ] ] # p
[ 20.02148438 [ 5 0 ] [ 271 120 ] [ 19 40 ] ] # q
[ 15.97851562 [ 5 0 ] [ 294 120 ] [ 15 40 ] ] # r
[ 14.00976562 [ 5 0 ] [ 313 120 ] [ 13 40 ] ] # s
[ 11.98828125 [ 5 0 ] [ 330 120 ] [ 12 40 ] ] # t
[ 20.02148438 [ 5 0 ] [ 346 120 ] [ 19 40 ] ] # u
[ 18.0 [ 5 0 ] [ 369 120 ] [ 17 40 ] ] # v
[ 25.99804688 [ 5 0 ] [ 390 120 ] [ 25 40 ] ] # w
[ 18.0 [ 4 0 ] [ 419 120 ] [ 18 40 ] ] # x
[ 18.0 [ 5 0 ] [ 441 120 ] [ 17 40 ] ] # y
[ 15.97851562 [ 5 0 ] [ 462 120 ] [ 15 40 ] ] # z
[ 14.18554688 [ 5 0 ] [ 481 120 ] [ 12 40 ] ] # {
[ 7.927734375 [ 6 0 ] [ 497 120 ] [ 4 40 ] ] # |
[ 14.18554688 [ 6 0 ] [ 2 160 ] [ 12 40 ] ] # }
[ 18.72070312 [ 5 0 ] [ 18 160 ] [ 17 40 ] ] # ~
[ 12.6 [ 0 0 ] [ 39 160 ] [ 0 40 ] ] # 
