[ 7.786132812 [ 0 0 ] [ 2 0 ] [ 0 24 ] ] #  
[ 5.556640625 [ 6 0 ] [ 6 0 ] [ 3 24 ] ] # !
[ 7.099609375 [ 5 0 ] [ 13 0 ] [ 6 24 ] ] # "
[ 11.12304688 [ 4 0 ] [ 23 0 ] [ 12 24 ] ] # #
[ 11.12304688 [ 5 0 ] [ 39 0 ] [ 10 24 ] ] # $
[ 17.78320312 [ 5 0 ] [ 53 0 ] [ 17 24 ] ] # %
[ 13.33984375 [ 5 0 ] [ 74 0 ] [ 12 24 ] ] # &
[ 3.818359375 [ 5 0 ] [ 90 0 ] [ 3 24 ] ] # '
[ 6.66015625 [ 5 0 ] [ 97 0 ] [ 6 24 ] ] # (
[ 6.66015625 [ 5 0 ] [ 107 0 ] [ 5 24 ] ] # )
[ 7.783203125 [ 5 0 ] [ 116 0 ] [ 7 24 ] ] # *
[ 11.6796875 [ 5 0 ] [ 127 0 ] [ 10 24 ] ] # +
[ 5.556640625 [ 6 0 ] [ 141 0 ] [ 3 24 ] ] # ,
[ 6.66015625 [ 5 0 ] [ 148 0 ] [ 6 24 ] ] # -
[ 5.556640625 [ 6 0 ] [ 158 0 ] [ 3 24 ] ] # .
[ 5.556640625 [ 4 0 ] [ 165 0 ] [ 6 24 ] ] # /
[ 11.12304688 [ 5 0 ] [ 175 0 ] [ 10 24 ] ] # 0
[ 11.12304688 [ 6 0 ] [ 189 0 ] [ 6 24 ] ] # 1
[ 11.12304688 [ 5 0 ] [ 199 0 ] [ 10 24 ] ] # 2
[ 11.12304688 [ 5 0 ] [ 213 0 ] [ 10 24 ] ] # 3
[ 11.12304688 [ 5 0 ] [ 227 0 ] [ 10 24 ] ] # 4
[ 11.12304688 [ 5 0 ] [ 241 0 ] [ 10 24 ] ] # 5
[ 11.12304688 [ 5 0 ] [ 2 24 ] [ 10 24 ] ] # 6
[ 11.12304688 [ 5 0 ] [ 16 24 ] [ 10 24 ] ] # 7
[ 11.12304688 [ 5 0 ] [ 30 24 ] [ 10 24 ] ] # 8
[ 11.12304688 [ 5 0 ] [ 44 24 ] [ 10 24 ] ] # 9
[ 5.556640625 [ 6 0 ] [ 58 24 ] [ 3 24 ] ] # :
[ 5.556640625 [ 6 0 ] [ 65 24 ] [ 3 24 ] ] # ;
[ 11.6796875 [ 5 0 ] [ 72 24 ] [ 10 24 ] ] # <
[ 11.6796875 [ 5 0 ] [ 86 24 ] [ 10 24 ] ] # =
[ 11.6796875 [ 5 0 ] [ 100 24 ] [ 11 24 ] ] # >
[ 11.12304688 [ 6 0 ] [ 115 24 ] [ 9 24 ] ] # ?
[ 20.30273438 [ 5 0 ] [ 128 24 ] [ 19 24 ] ] # @
[ 13.33984375 [ 4 0 ] [ 151 24 ] [ 14 24 ] ] # A
[ 13.33984375 [ 6 0 ] [ 169 24 ] [ 11 24 ] ] # B
[ 14.44335938 [ 5 0 ] [ 184 24 ] [ 13 24 ] ] # C
[ 14.44335938 [ 6 0 ] [ 201 24 ] [ 12 24 ] ] # D
[ 13.33984375 [ 6 0 ] [ 217 24 ] [ 11 24 ] ] # E
[ 12.21679688 [ 6 0 ] [ 232 24 ] [ 10 24 ] ] # F
[ 15.55664062 [ 5 0 ] [ 2 48 ] [ 14 24 ] ] # G
[ 14.44335938 [ 6 0 ] [ 20 48 ] [ 12 24 ] ] # H
[ 5.556640625 [ 6 0 ] [ 36 48 ] [ 3 24 ] ] # I
[ 10.0 [ 4 0 ] [ 43 48 ] [ 9 24 ] ] # J
[ 13.33984375 [ 6 0 ] [ 56 48 ] [ 12 24 ] ] # K
[ 11.12304688 [ 6 0 ] [ 72 48 ] [ 9 24 ] ] # L
[ 16.66015625 [ 5 0 ] [ 85 48 ] [ 15 24 ] ] # M
[ 14.44335938 [ 6 0 ] [ 104 48 ] [ 12 24 ] ] # N
[ 15.55664062 [ 5 0 ] [ 120 48 ] [ 15 24 ] ] # O
[ 13.33984375 [ 6 0 ] [ 139 48 ] [ 11 24 ] ] # P
[ 15.55664062 [ 5 0 ] [ 154 48 ] [ 15 24 ] ] # Q
[ 14.44335938 [ 6 0 ] [ 173 48 ] [ 12 24 ] ] # R
[ 13.33984375 [ 5 0 ] [ 189 48 ] [ 12 24 ] ] # S
[ 12.21679688 [ 4 0 ] [ 205 48 ] [ 13 24 ] ] # T
[ 14.44335938 [ 6 0 ] [ 222 48 ] [ 12 24 ] ] # U
[ 13.33984375 [ 5 0 ] [ 238 48 ] [ 13 24 ] ] # V
[ 18.87695312 [ 4 0 ] [ 2 72 ] [ 19 24 ] ] # W
[ 13.33984375 [ 5 0 ] [ 25 72 ] [ 13 24 ] ] # X
[ 13.33984375 [ 4 0 ] [ 42 72 ] [ 14 24 ] ] # Y
[ 12.21679688 [ 5 0 ] [ 60 72 ] [ 11 24 ] ] # Z
[ 5.556640625 [ 5 0 ] [ 75 72 ] [ 5 24 ] ] # [
[ 5.556640625 [ 4 0 ] [ 84 72 ] [ 6 24 ] ] # \
[ 5.556640625 [ 4 0 ] [ 94 72 ] [ 5 24 ] ] # ]
[ 9.384765625 [ 5 0 ] [ 103 72 ] [ 8 24 ] ] # ^
[ 11.12304688 [ 4 0 ] [ 115 72 ] [ 12 24 ] ] # _
[ 6.66015625 [ 5 0 ] [ 131 72 ] [ 3 24 ] ] # `
[ 11.12304688 [ 5 0 ] [ 138 72 ] [ 11 24 ] ] # a
[ 11.12304688 [ 5 0 ] [ 153 72 ] [ 10 24 ] ] # b
[ 10.0 [ 5 0 ] [ 167 72 ] [ 9 24 ] ] # c
[ 11.12304688 [ 4 0 ] [ 180 72 ] [ 11 24 ] ] # d
[ 11.12304688 [ 5 0 ] [ 195 72 ] [ 10 24 ] ] # e
[ 5.556640625 [ 4 0 ] [ 209 72 ] [ 6 24 ] ] # f
[ 11.12304688 [ 5 0 ] [ 219 72 ] [ 10 24 ] ] # g
[ 11.12304688 [ 5 0 ] [ 233 72 ] [ 10 24 ] ] # h
[ 4.443359375 [ 5 0 ] [ 247 72 ] [ 3 24 ] ] # i
[ 4.443359375 [ 4 0 ] [ 2 96 ] [ 4 24 ] ] # j
[ 10.0 [ 5 0 ] [ 10 96 ] [ 10 24 ] ] # k
[ 4.443359375 [ 5 0 ] [ 24 96 ] [ 3 24 ] ] # l
[ 16.66015625 [ 5 0 ] [ 31 96 ] [ 15 24 ] ] # m
[ 11.12304688 [ 5 0 ] [ 50 96 ] [ 10 24 ] ] # n
[ 11.12304688 [ 5 0 ] [ 64 96 ] [ 10 24 ] ] # o
[ 11.12304688 [ 5 0 ] [ 78 96 ] [ 10 24 ] ] # p
[ 11.12304688 [ 4 0 ] [ 92 96 ] [ 11 24 ] ] # q
[ 6.66015625 [ 5 0 ] [ 107 96 ] [ 6 24 ] ] # r
[ 10.0 [ 5 0 ] [ 117 96 ] [ 9 24 ] ] # s
[ 5.556640625 [ 4 0 ] [ 130 96 ] [ 6 24 ] ] # t
[ 11.12304688 [ 5 0 ] [ 140 96 ] [ 10 24 ] ] # u
[ 10.0 [ 4 0 ] [ 154 96 ] [ 10 24 ] ] # v
[ 14.44335938 [ 4 0 ] [ 168 96 ] [ 15 24 ] ] # w
[ 10.0 [ 4 0 ] [ 187 96 ] [ 10 24 ] ] # x
[ 10.0 [ 4 0 ] [ 201 96 ] [ 10 24 ] ] # y
[ 10.0 [ 5 0 ] [ 215 96 ] [ 9 24 ] ] # z
[ 6.6796875 [ 5 0 ] [ 228 96 ] [ 5 24 ] ] # {
[ 5.1953125 [ 6 0 ] [ 237 96 ] [ 2 24 ] ] # |
[ 6.6796875 [ 5 0 ] [ 243 96 ] [ 5 24 ] ] # }
[ 11.6796875 [ 6 0 ] [ 2 120 ] [ 9 24 ] ] # ~
[ 7.786132812 [ 0 0 ] [ 15 120 ] [ 0 24 ] ] # 
