[ 12.6 [ 0 0 ] [ 2 0 ] [ 0 40 ] ] #  
[ 11.98828125 [ 9 0 ] [ 6 0 ] [ 4 40 ] ] # !
[ 14.6953125 [ 7 0 ] [ 14 0 ] [ 10 40 ] ] # "
[ 18.0 [ 4 0 ] [ 28 0 ] [ 19 40 ] ] # #
[ 18.0 [ 6 0 ] [ 51 0 ] [ 15 40 ] ] # $
[ 29.98828125 [ 6 0 ] [ 70 0 ] [ 27 40 ] ] # %
[ 28.00195312 [ 5 0 ] [ 101 0 ] [ 27 40 ] ] # &
[ 6.486328125 [ 7 0 ] [ 132 0 ] [ 6 40 ] ] # '
[ 11.98828125 [ 6 0 ] [ 142 0 ] [ 10 40 ] ] # (
[ 11.98828125 [ 5 0 ] [ 156 0 ] [ 10 40 ] ] # )
[ 18.0 [ 6 0 ] [ 170 0 ] [ 14 40 ] ] # *
[ 20.30273438 [ 5 0 ] [ 188 0 ] [ 19 40 ] ] # +
[ 9.0 [ 6 0 ] [ 211 0 ] [ 6 40 ] ] # ,
[ 11.98828125 [ 5 0 ] [ 221 0 ] [ 10 40 ] ] # -
[ 9.0 [ 7 0 ] [ 235 0 ] [ 4 40 ] ] # .
[ 10.00195312 [ 4 0 ] [ 243 0 ] [ 11 40 ] ] # /
[ 18.0 [ 5 0 ] [ 258 0 ] [ 17 40 ] ] # 0
[ 18.0 [ 8 0 ] [ 279 0 ] [ 11 40 ] ] # 1
[ 18.0 [ 5 0 ] [ 294 0 ] [ 17 40 ] ] # 2
[ 18.0 [ 6 0 ] [ 315 0 ] [ 14 40 ] ] # 3
[ 18.0 [ 4 0 ] [ 333 0 ] [ 18 40 ] ] # 4
[ 18.0 [ 5 0 ] [ 355 0 ] [ 16 40 ] ] # 5
[ 18.0 [ 5 0 ] [ 375 0 ] [ 17 40 ] ] # 6
[ 18.0 [ 5 0 ] [ 396 0 ] [ 16 40 ] ] # 7
[ 18.0 [ 6 0 ] [ 416 0 ] [ 15 40 ] ] # 8
[ 18.0 [ 5 0 ] [ 435 0 ] [ 16 40 ] ] # 9
[ 10.00195312 [ 7 0 ] [ 455 0 ] [ 5 40 ] ] # :
[ 10.00195312 [ 7 0 ] [ 464 0 ] [ 6 40 ] ] # ;
[ 20.30273438 [ 5 0 ] [ 474 0 ] [ 19 40 ] ] # <
[ 20.30273438 [ 5 0 ] [ 2 40 ] [ 19 40 ] ] # =
[ 20.30273438 [ 5 0 ] [ 25 40 ] [ 19 40 ] ] # >
[ 15.97851562 [ 6 0 ] [ 48 40 ] [ 14 40 ] ] # ?
[ 33.15234375 [ 8 0 ] [ 66 40 ] [ 26 40 ] ] # @
[ 25.99804688 [ 5 0 ] [ 96 40 ] [ 25 40 ] ] # A
[ 24.01171875 [ 5 0 ] [ 125 40 ] [ 21 40 ] ] # B
[ 24.01171875 [ 5 0 ] [ 150 40 ] [ 23 40 ] ] # C
[ 25.99804688 [ 5 0 ] [ 177 40 ] [ 24 40 ] ] # D
[ 21.99023438 [ 4 0 ] [ 205 40 ] [ 22 40 ] ] # E
[ 20.02148438 [ 4 0 ] [ 231 40 ] [ 20 40 ] ] # F
[ 25.99804688 [ 5 0 ] [ 255 40 ] [ 25 40 ] ] # G
[ 25.99804688 [ 5 0 ] [ 284 40 ] [ 25 40 ] ] # H
[ 11.98828125 [ 5 0 ] [ 313 40 ] [ 11 40 ] ] # I
[ 14.00976562 [ 4 0 ] [ 328 40 ] [ 14 40 ] ] # J
[ 25.99804688 [ 5 0 ] [ 346 40 ] [ 26 40 ] ] # K
[ 21.99023438 [ 4 0 ] [ 376 40 ] [ 22 40 ] ] # L
[ 32.00976562 [ 4 0 ] [ 402 40 ] [ 32 40 ] ] # M
[ 25.99804688 [ 4 0 ] [ 438 40 ] [ 26 40 ] ] # N
[ 25.99804688 [ 5 0 ] [ 468 40 ] [ 25 40 ] ] # O
[ 20.02148438 [ 5 0 ] [ 2 80 ] [ 19 40 ] ] # P
[ 25.99804688 [ 5 0 ] [ 25 80 ] [ 25 40 ] ] # Q
[ 24.01171875 [ 5 0 ] [ 54 80 ] [ 24 40 ] ] # R
[ 20.02148438 [ 6 0 ] [ 82 80 ] [ 17 40 ] ] # S
[ 21.99023438 [ 5 0 ] [ 103 80 ] [ 21 40 ] ] # T
[ 25.99804688 [ 5 0 ] [ 128 80 ] [ 25 40 ] ] # U
[ 25.99804688 [ 5 0 ] [ 157 80 ] [ 25 40 ] ] # V
[ 33.97851562 [ 4 0 ] [ 186 80 ] [ 34 40 ] ] # W
[ 25.99804688 [ 4 0 ] [ 224 80 ] [ 26 40 ] ] # X
[ 25.99804688 [ 5 0 ] [ 254 80 ] [ 25 40 ] ] # Y
[ 21.99023438 [ 4 0 ] [ 283 80 ] [ 22 40 ] ] # Z
[ 11.98828125 [ 7 0 ] [ 309 80 ] [ 9 40 ] ] # [
[ 10.00195312 [ 4 0 ] [ 322 80 ] [ 11 40 ] ] # \
[ 11.98828125 [ 5 0 ] [ 337 80 ] [ 9 40 ] ] # ]
[ 16.89257812 [ 5 0 ] [ 350 80 ] [ 16 40 ] ] # ^
[ 18.0 [ 4 0 ] [ 370 80 ] [ 19 40 ] ] # _
[ 11.98828125 [ 8 0 ] [ 393 80 ] [ 6 40 ] ] # `
[ 15.97851562 [ 5 0 ] [ 403 80 ] [ 16 40 ] ] # a
[ 18.0 [ 4 0 ] [ 423 80 ] [ 18 40 ] ] # b
[ 15.97851562 [ 5 0 ] [ 445 80 ] [ 15 40 ] ] # c
[ 18.0 [ 5 0 ] [ 464 80 ] [ 17 40 ] ] # d
[ 15.97851562 [ 5 0 ] [ 485 80 ] [ 15 40 ] ] # e
[ 11.98828125 [ 5 0 ] [ 2 120 ] [ 14 40 ] ] # f
[ 18.0 [ 5 0 ] [ 20 120 ] [ 17 40 ] ] # g
[ 18.0 [ 4 0 ] [ 41 120 ] [ 18 40 ] ] # h
[ 10.00195312 [ 5 0 ] [ 63 120 ] [ 9 40 ] ] # i
[ 10.00195312 [ 1 0 ] [ 76 120 ] [ 11 40 ] ] # j
[ 18.0 [ 4 0 ] [ 91 120 ] [ 19 40 ] ] # k
[ 10.00195312 [ 5 0 ] [ 114 120 ] [ 9 40 ] ] # l
[ 28.00195312 [ 5 0 ] [ 127 120 ] [ 28 40 ] ] # m
[ 18.0 [ 5 0 ] [ 159 120 ] [ 17 40 ] ] # n
[ 18.0 [ 5 0 ] [ 180 120 ] [ 17 40 ] ] # o
[ 18.0 [ 4 0 ] [ 201 120 ] [ 18 40 ] ] # p
[ 18.0 [ 5 0 ] [ 223 120 ] [ 17 40 ] ] # q
[ 11.98828125 [ 4 0 ] [ 244 120 ] [ 13 40 ] ] # r
[ 14.00976562 [ 6 0 ] [ 261 120 ] [ 11 40 ] ] # s
[ 10.00195312 [ 4 0 ] [ 276 120 ] [ 11 40 ] ] # t
[ 18.0 [ 4 0 ] [ 291 120 ] [ 18 40 ] ] # u
[ 18.0 [ 5 0 ] [ 313 120 ] [ 17 40 ] ] # v
[ 25.99804688 [ 5 0 ] [ 334 120 ] [ 25 40 ] ] # w
[ 18.0 [ 5 0 ] [ 363 120 ] [ 17 40 ] ] # x
[ 18.0 [ 5 0 ] [ 384 120 ] [ 17 40 ] ] # y
[ 15.97851562 [ 5 0 ] [ 405 120 ] [ 15 40 ] ] # z
[ 17.27929688 [ 8 0 ] [ 424 120 ] [ 9 40 ] ] # {
[ 7.20703125 [ 6 0 ] [ 437 120 ] [ 4 40 ] ] # |
[ 17.27929688 [ 9 0 ] [ 445 120 ] [ 9 40 ] ] # }
[ 19.4765625 [ 5 0 ] [ 458 120 ] [ 18 40 ] ] # ~
[ 12.6 [ 0 0 ] [ 480 120 ] [ 0 40 ] ] # 
