[ 14.01503906 [ 0 0 ] [ 2 0 ] [ 0 40 ] ] #  
[ 11.98828125 [ 8 0 ] [ 6 0 ] [ 6 40 ] ] # !
[ 17.06835938 [ 6 0 ] [ 16 0 ] [ 14 40 ] ] # "
[ 20.02148438 [ 4 0 ] [ 34 0 ] [ 21 40 ] ] # #
[ 20.02148438 [ 5 0 ] [ 59 0 ] [ 19 40 ] ] # $
[ 32.00976562 [ 5 0 ] [ 82 0 ] [ 31 40 ] ] # %
[ 25.99804688 [ 6 0 ] [ 117 0 ] [ 24 40 ] ] # &
[ 8.560546875 [ 6 0 ] [ 145 0 ] [ 6 40 ] ] # '
[ 11.98828125 [ 5 0 ] [ 155 0 ] [ 11 40 ] ] # (
[ 11.98828125 [ 5 0 ] [ 170 0 ] [ 10 40 ] ] # )
[ 14.00976562 [ 5 0 ] [ 184 0 ] [ 13 40 ] ] # *
[ 21.0234375 [ 6 0 ] [ 201 0 ] [ 18 40 ] ] # +
[ 10.00195312 [ 6 0 ] [ 223 0 ] [ 7 40 ] ] # ,
[ 11.98828125 [ 5 0 ] [ 234 0 ] [ 11 40 ] ] # -
[ 10.00195312 [ 6 0 ] [ 249 0 ] [ 7 40 ] ] # .
[ 10.00195312 [ 4 0 ] [ 260 0 ] [ 11 40 ] ] # /
[ 20.02148438 [ 5 0 ] [ 275 0 ] [ 18 40 ] ] # 0
[ 20.02148438 [ 6 0 ] [ 297 0 ] [ 12 40 ] ] # 1
[ 20.02148438 [ 5 0 ] [ 313 0 ] [ 18 40 ] ] # 2
[ 20.02148438 [ 5 0 ] [ 335 0 ] [ 18 40 ] ] # 3
[ 20.02148438 [ 5 0 ] [ 357 0 ] [ 19 40 ] ] # 4
[ 20.02148438 [ 5 0 ] [ 380 0 ] [ 18 40 ] ] # 5
[ 20.02148438 [ 5 0 ] [ 402 0 ] [ 18 40 ] ] # 6
[ 20.02148438 [ 5 0 ] [ 424 0 ] [ 19 40 ] ] # 7
[ 20.02148438 [ 5 0 ] [ 447 0 ] [ 19 40 ] ] # 8
[ 20.02148438 [ 5 0 ] [ 470 0 ] [ 18 40 ] ] # 9
[ 11.98828125 [ 8 0 ] [ 492 0 ] [ 6 40 ] ] # :
[ 11.98828125 [ 8 0 ] [ 502 0 ] [ 6 40 ] ] # ;
[ 21.0234375 [ 5 0 ] [ 2 40 ] [ 19 40 ] ] # <
[ 21.0234375 [ 6 0 ] [ 25 40 ] [ 18 40 ] ] # =
[ 21.0234375 [ 5 0 ] [ 47 40 ] [ 19 40 ] ] # >
[ 21.99023438 [ 6 0 ] [ 70 40 ] [ 19 40 ] ] # ?
[ 35.10351562 [ 5 0 ] [ 93 40 ] [ 34 40 ] ] # @
[ 25.99804688 [ 5 0 ] [ 131 40 ] [ 25 40 ] ] # A
[ 25.99804688 [ 7 0 ] [ 160 40 ] [ 22 40 ] ] # B
[ 25.99804688 [ 6 0 ] [ 186 40 ] [ 23 40 ] ] # C
[ 25.99804688 [ 7 0 ] [ 213 40 ] [ 22 40 ] ] # D
[ 24.01171875 [ 7 0 ] [ 239 40 ] [ 20 40 ] ] # E
[ 21.99023438 [ 7 0 ] [ 263 40 ] [ 19 40 ] ] # F
[ 28.00195312 [ 6 0 ] [ 286 40 ] [ 24 40 ] ] # G
[ 25.99804688 [ 6 0 ] [ 314 40 ] [ 22 40 ] ] # H
[ 10.00195312 [ 6 0 ] [ 340 40 ] [ 6 40 ] ] # I
[ 20.02148438 [ 5 0 ] [ 350 40 ] [ 17 40 ] ] # J
[ 25.99804688 [ 7 0 ] [ 371 40 ] [ 24 40 ] ] # K
[ 21.99023438 [ 7 0 ] [ 399 40 ] [ 19 40 ] ] # L
[ 29.98828125 [ 6 0 ] [ 422 40 ] [ 27 40 ] ] # M
[ 25.99804688 [ 6 0 ] [ 453 40 ] [ 23 40 ] ] # N
[ 28.00195312 [ 5 0 ] [ 480 40 ] [ 27 40 ] ] # O
[ 24.01171875 [ 7 0 ] [ 2 80 ] [ 21 40 ] ] # P
[ 28.00195312 [ 6 0 ] [ 27 80 ] [ 26 40 ] ] # Q
[ 25.99804688 [ 7 0 ] [ 57 80 ] [ 22 40 ] ] # R
[ 24.01171875 [ 5 0 ] [ 83 80 ] [ 23 40 ] ] # S
[ 21.99023438 [ 5 0 ] [ 110 80 ] [ 21 40 ] ] # T
[ 25.99804688 [ 7 0 ] [ 135 80 ] [ 21 40 ] ] # U
[ 24.01171875 [ 5 0 ] [ 160 80 ] [ 23 40 ] ] # V
[ 33.97851562 [ 4 0 ] [ 187 80 ] [ 34 40 ] ] # W
[ 24.01171875 [ 5 0 ] [ 225 80 ] [ 23 40 ] ] # X
[ 24.01171875 [ 5 0 ] [ 252 80 ] [ 23 40 ] ] # Y
[ 21.99023438 [ 5 0 ] [ 279 80 ] [ 21 40 ] ] # Z
[ 11.98828125 [ 6 0 ] [ 304 80 ] [ 10 40 ] ] # [
[ 10.00195312 [ 4 0 ] [ 318 80 ] [ 11 40 ] ] # \
[ 11.98828125 [ 5 0 ] [ 333 80 ] [ 9 40 ] ] # ]
[ 21.0234375 [ 6 0 ] [ 346 80 ] [ 18 40 ] ] # ^
[ 20.02148438 [ 3 0 ] [ 368 80 ] [ 23 40 ] ] # _
[ 11.98828125 [ 6 0 ] [ 395 80 ] [ 6 40 ] ] # `
[ 20.02148438 [ 5 0 ] [ 405 80 ] [ 19 40 ] ] # a
[ 21.99023438 [ 6 0 ] [ 428 80 ] [ 19 40 ] ] # b
[ 20.02148438 [ 5 0 ] [ 451 80 ] [ 19 40 ] ] # c
[ 21.99023438 [ 5 0 ] [ 474 80 ] [ 19 40 ] ] # d
[ 20.02148438 [ 5 0 ] [ 2 120 ] [ 19 40 ] ] # e
[ 11.98828125 [ 5 0 ] [ 25 120 ] [ 11 40 ] ] # f
[ 21.99023438 [ 5 0 ] [ 40 120 ] [ 19 40 ] ] # g
[ 21.99023438 [ 6 0 ] [ 63 120 ] [ 18 40 ] ] # h
[ 10.00195312 [ 6 0 ] [ 85 120 ] [ 6 40 ] ] # i
[ 10.00195312 [ 4 0 ] [ 95 120 ] [ 8 40 ] ] # j
[ 20.02148438 [ 6 0 ] [ 107 120 ] [ 18 40 ] ] # k
[ 10.00195312 [ 6 0 ] [ 129 120 ] [ 6 40 ] ] # l
[ 32.00976562 [ 6 0 ] [ 139 120 ] [ 28 40 ] ] # m
[ 21.99023438 [ 6 0 ] [ 171 120 ] [ 18 40 ] ] # n
[ 21.99023438 [ 5 0 ] [ 193 120 ] [ 20 40 ] ] # o
[ 21.99023438 [ 6 0 ] [ 217 120 ] [ 19 40 ] ] # p
[ 21.99023438 [ 5 0 ] [ 240 120 ] [ 19 40 ] ] # q
[ 14.00976562 [ 6 0 ] [ 263 120 ] [ 12 40 ] ] # r
[ 20.02148438 [ 5 0 ] [ 279 120 ] [ 19 40 ] ] # s
[ 11.98828125 [ 5 0 ] [ 302 120 ] [ 11 40 ] ] # t
[ 21.99023438 [ 6 0 ] [ 317 120 ] [ 18 40 ] ] # u
[ 20.02148438 [ 5 0 ] [ 339 120 ] [ 19 40 ] ] # v
[ 28.00195312 [ 4 0 ] [ 362 120 ] [ 28 40 ] ] # w
[ 20.02148438 [ 5 0 ] [ 394 120 ] [ 19 40 ] ] # x
[ 20.02148438 [ 4 0 ] [ 417 120 ] [ 20 40 ] ] # y
[ 18.0 [ 5 0 ] [ 441 120 ] [ 17 40 ] ] # z
[ 14.00976562 [ 5 0 ] [ 462 120 ] [ 11 40 ] ] # {
[ 10.07226562 [ 8 0 ] [ 477 120 ] [ 3 40 ] ] # |
[ 14.00976562 [ 7 0 ] [ 484 120 ] [ 10 40 ] ] # }
[ 21.0234375 [ 6 0 ] [ 2 160 ] [ 17 40 ] ] # ~
[ 14.01503906 [ 0 0 ] [ 23 160 ] [ 0 40 ] ] # 
