[ 8.718554687 [ 0 0 ] [ 2 0 ] [ 0 32 ] ] #  
[ 6.220703125 [ 6 0 ] [ 6 0 ] [ 3 32 ] ] # !
[ 7.943359375 [ 6 0 ] [ 13 0 ] [ 5 32 ] ] # "
[ 12.45507812 [ 5 0 ] [ 22 0 ] [ 12 32 ] ] # #
[ 12.45507812 [ 5 0 ] [ 38 0 ] [ 12 32 ] ] # $
[ 19.90625 [ 5 0 ] [ 54 0 ] [ 19 32 ] ] # %
[ 14.9296875 [ 5 0 ] [ 77 0 ] [ 15 32 ] ] # &
[ 4.265625 [ 5 0 ] [ 96 0 ] [ 3 32 ] ] # '
[ 7.451171875 [ 6 0 ] [ 103 0 ] [ 6 32 ] ] # (
[ 7.451171875 [ 5 0 ] [ 113 0 ] [ 6 32 ] ] # )
[ 8.708984375 [ 5 0 ] [ 123 0 ] [ 8 32 ] ] # *
[ 13.0703125 [ 5 0 ] [ 135 0 ] [ 12 32 ] ] # +
[ 6.220703125 [ 6 0 ] [ 151 0 ] [ 3 32 ] ] # ,
[ 7.451171875 [ 5 0 ] [ 158 0 ] [ 6 32 ] ] # -
[ 6.220703125 [ 6 0 ] [ 168 0 ] [ 3 32 ] ] # .
[ 6.220703125 [ 4 0 ] [ 175 0 ] [ 8 32 ] ] # /
[ 12.45507812 [ 5 0 ] [ 187 0 ] [ 12 32 ] ] # 0
[ 12.45507812 [ 6 0 ] [ 203 0 ] [ 7 32 ] ] # 1
[ 12.45507812 [ 5 0 ] [ 214 0 ] [ 11 32 ] ] # 2
[ 12.45507812 [ 5 0 ] [ 229 0 ] [ 12 32 ] ] # 3
[ 12.45507812 [ 5 0 ] [ 2 32 ] [ 12 32 ] ] # 4
[ 12.45507812 [ 5 0 ] [ 18 32 ] [ 12 32 ] ] # 5
[ 12.45507812 [ 5 0 ] [ 34 32 ] [ 12 32 ] ] # 6
[ 12.45507812 [ 5 0 ] [ 50 32 ] [ 12 32 ] ] # 7
[ 12.45507812 [ 5 0 ] [ 66 32 ] [ 12 32 ] ] # 8
[ 12.45507812 [ 5 0 ] [ 82 32 ] [ 12 32 ] ] # 9
[ 6.220703125 [ 6 0 ] [ 98 32 ] [ 3 32 ] ] # :
[ 6.220703125 [ 6 0 ] [ 105 32 ] [ 3 32 ] ] # ;
[ 13.0703125 [ 5 0 ] [ 112 32 ] [ 12 32 ] ] # <
[ 13.0703125 [ 5 0 ] [ 128 32 ] [ 12 32 ] ] # =
[ 13.0703125 [ 5 0 ] [ 144 32 ] [ 12 32 ] ] # >
[ 12.45507812 [ 5 0 ] [ 160 32 ] [ 11 32 ] ] # ?
[ 22.73632812 [ 7 0 ] [ 175 32 ] [ 18 32 ] ] # @
[ 14.9296875 [ 4 0 ] [ 197 32 ] [ 16 32 ] ] # A
[ 14.9296875 [ 6 0 ] [ 217 32 ] [ 13 32 ] ] # B
[ 16.17382812 [ 5 0 ] [ 234 32 ] [ 15 32 ] ] # C
[ 16.17382812 [ 6 0 ] [ 2 64 ] [ 14 32 ] ] # D
[ 14.9296875 [ 6 0 ] [ 20 64 ] [ 13 32 ] ] # E
[ 13.671875 [ 6 0 ] [ 37 64 ] [ 12 32 ] ] # F
[ 17.41796875 [ 5 0 ] [ 53 64 ] [ 16 32 ] ] # G
[ 16.17382812 [ 6 0 ] [ 73 64 ] [ 14 32 ] ] # H
[ 6.220703125 [ 6 0 ] [ 91 64 ] [ 3 32 ] ] # I
[ 11.19726562 [ 4 0 ] [ 98 64 ] [ 11 32 ] ] # J
[ 14.9296875 [ 6 0 ] [ 113 64 ] [ 14 32 ] ] # K
[ 12.45507812 [ 6 0 ] [ 131 64 ] [ 11 32 ] ] # L
[ 18.6484375 [ 6 0 ] [ 146 64 ] [ 16 32 ] ] # M
[ 16.17382812 [ 6 0 ] [ 166 64 ] [ 14 32 ] ] # N
[ 17.41796875 [ 5 0 ] [ 184 64 ] [ 17 32 ] ] # O
[ 14.9296875 [ 6 0 ] [ 205 64 ] [ 13 32 ] ] # P
[ 17.41796875 [ 5 0 ] [ 222 64 ] [ 17 32 ] ] # Q
[ 16.17382812 [ 6 0 ] [ 2 96 ] [ 15 32 ] ] # R
[ 14.9296875 [ 5 0 ] [ 21 96 ] [ 14 32 ] ] # S
[ 13.671875 [ 4 0 ] [ 39 96 ] [ 15 32 ] ] # T
[ 16.17382812 [ 6 0 ] [ 58 96 ] [ 14 32 ] ] # U
[ 14.9296875 [ 4 0 ] [ 76 96 ] [ 16 32 ] ] # V
[ 21.13671875 [ 4 0 ] [ 96 96 ] [ 22 32 ] ] # W
[ 14.9296875 [ 5 0 ] [ 122 96 ] [ 15 32 ] ] # X
[ 14.9296875 [ 4 0 ] [ 141 96 ] [ 16 32 ] ] # Y
[ 13.671875 [ 5 0 ] [ 161 96 ] [ 13 32 ] ] # Z
[ 6.220703125 [ 5 0 ] [ 178 96 ] [ 6 32 ] ] # [
[ 6.220703125 [ 4 0 ] [ 188 96 ] [ 8 32 ] ] # \
[ 6.220703125 [ 5 0 ] [ 200 96 ] [ 5 32 ] ] # ]
[ 10.5 [ 4 0 ] [ 209 96 ] [ 12 32 ] ] # ^
[ 12.45507812 [ 4 0 ] [ 225 96 ] [ 14 32 ] ] # _
[ 7.451171875 [ 5 0 ] [ 243 96 ] [ 4 32 ] ] # `
[ 12.45507812 [ 5 0 ] [ 2 128 ] [ 12 32 ] ] # a
[ 12.45507812 [ 5 0 ] [ 18 128 ] [ 12 32 ] ] # b
[ 11.19726562 [ 5 0 ] [ 34 128 ] [ 11 32 ] ] # c
[ 12.45507812 [ 5 0 ] [ 49 128 ] [ 11 32 ] ] # d
[ 12.45507812 [ 5 0 ] [ 64 128 ] [ 12 32 ] ] # e
[ 6.220703125 [ 4 0 ] [ 80 128 ] [ 7 32 ] ] # f
[ 12.45507812 [ 5 0 ] [ 91 128 ] [ 11 32 ] ] # g
[ 12.45507812 [ 5 0 ] [ 106 128 ] [ 11 32 ] ] # h
[ 4.9765625 [ 6 0 ] [ 121 128 ] [ 2 32 ] ] # i
[ 4.9765625 [ 4 0 ] [ 127 128 ] [ 4 32 ] ] # j
[ 11.19726562 [ 6 0 ] [ 135 128 ] [ 10 32 ] ] # k
[ 4.9765625 [ 6 0 ] [ 149 128 ] [ 2 32 ] ] # l
[ 18.6484375 [ 5 0 ] [ 155 128 ] [ 17 32 ] ] # m
[ 12.45507812 [ 5 0 ] [ 176 128 ] [ 11 32 ] ] # n
[ 12.45507812 [ 5 0 ] [ 191 128 ] [ 12 32 ] ] # o
[ 12.45507812 [ 5 0 ] [ 207 128 ] [ 12 32 ] ] # p
[ 12.45507812 [ 5 0 ] [ 223 128 ] [ 11 32 ] ] # q
[ 7.451171875 [ 6 0 ] [ 238 128 ] [ 6 32 ] ] # r
[ 11.19726562 [ 5 0 ] [ 2 160 ] [ 10 32 ] ] # s
[ 6.220703125 [ 4 0 ] [ 16 160 ] [ 7 32 ] ] # t
[ 12.45507812 [ 6 0 ] [ 27 160 ] [ 10 32 ] ] # u
[ 11.19726562 [ 4 0 ] [ 41 160 ] [ 12 32 ] ] # v
[ 16.17382812 [ 4 0 ] [ 57 160 ] [ 17 32 ] ] # w
[ 11.19726562 [ 4 0 ] [ 78 160 ] [ 12 32 ] ] # x
[ 11.19726562 [ 4 0 ] [ 94 160 ] [ 12 32 ] ] # y
[ 11.19726562 [ 5 0 ] [ 110 160 ] [ 11 32 ] ] # z
[ 7.478515625 [ 5 0 ] [ 125 160 ] [ 6 32 ] ] # {
[ 5.810546875 [ 6 0 ] [ 135 160 ] [ 3 32 ] ] # |
[ 7.478515625 [ 5 0 ] [ 142 160 ] [ 6 32 ] ] # }
[ 13.0703125 [ 5 0 ] [ 152 160 ] [ 12 32 ] ] # ~
[ 8.718554687 [ 0 0 ] [ 168 160 ] [ 0 32 ] ] # 
