[ 7.007519531 [ 0 0 ] [ 2 0 ] [ 0 22 ] ] #  
[ 5.994140625 [ 6 0 ] [ 6 0 ] [ 4 22 ] ] # !
[ 8.534179688 [ 5 0 ] [ 14 0 ] [ 7 22 ] ] # "
[ 10.01074219 [ 4 0 ] [ 25 0 ] [ 11 22 ] ] # #
[ 10.01074219 [ 4 0 ] [ 40 0 ] [ 10 22 ] ] # $
[ 16.00488281 [ 4 0 ] [ 54 0 ] [ 16 22 ] ] # %
[ 12.99902344 [ 5 0 ] [ 74 0 ] [ 12 22 ] ] # &
[ 4.280273438 [ 5 0 ] [ 90 0 ] [ 3 22 ] ] # '
[ 5.994140625 [ 5 0 ] [ 97 0 ] [ 5 22 ] ] # (
[ 5.994140625 [ 4 0 ] [ 106 0 ] [ 6 22 ] ] # )
[ 7.004882812 [ 4 0 ] [ 116 0 ] [ 7 22 ] ] # *
[ 10.51171875 [ 5 0 ] [ 127 0 ] [ 9 22 ] ] # +
[ 5.000976562 [ 5 0 ] [ 140 0 ] [ 4 22 ] ] # ,
[ 5.994140625 [ 4 0 ] [ 148 0 ] [ 6 22 ] ] # -
[ 5.000976562 [ 5 0 ] [ 158 0 ] [ 4 22 ] ] # .
[ 5.000976562 [ 4 0 ] [ 166 0 ] [ 6 22 ] ] # /
[ 10.01074219 [ 4 0 ] [ 176 0 ] [ 10 22 ] ] # 0
[ 10.01074219 [ 5 0 ] [ 190 0 ] [ 7 22 ] ] # 1
[ 10.01074219 [ 5 0 ] [ 201 0 ] [ 9 22 ] ] # 2
[ 10.01074219 [ 5 0 ] [ 214 0 ] [ 9 22 ] ] # 3
[ 10.01074219 [ 4 0 ] [ 227 0 ] [ 10 22 ] ] # 4
[ 10.01074219 [ 4 0 ] [ 241 0 ] [ 10 22 ] ] # 5
[ 10.01074219 [ 5 0 ] [ 2 22 ] [ 9 22 ] ] # 6
[ 10.01074219 [ 5 0 ] [ 15 22 ] [ 9 22 ] ] # 7
[ 10.01074219 [ 4 0 ] [ 28 22 ] [ 10 22 ] ] # 8
[ 10.01074219 [ 5 0 ] [ 42 22 ] [ 9 22 ] ] # 9
[ 5.994140625 [ 6 0 ] [ 55 22 ] [ 4 22 ] ] # :
[ 5.994140625 [ 6 0 ] [ 63 22 ] [ 4 22 ] ] # ;
[ 10.51171875 [ 5 0 ] [ 71 22 ] [ 9 22 ] ] # <
[ 10.51171875 [ 5 0 ] [ 84 22 ] [ 9 22 ] ] # =
[ 10.51171875 [ 5 0 ] [ 97 22 ] [ 9 22 ] ] # >
[ 10.99511719 [ 5 0 ] [ 110 22 ] [ 10 22 ] ] # ?
[ 17.55175781 [ 4 0 ] [ 124 22 ] [ 18 22 ] ] # @
[ 12.99902344 [ 5 0 ] [ 146 22 ] [ 12 22 ] ] # A
[ 12.99902344 [ 5 0 ] [ 162 22 ] [ 12 22 ] ] # B
[ 12.99902344 [ 5 0 ] [ 178 22 ] [ 12 22 ] ] # C
[ 12.99902344 [ 5 0 ] [ 194 22 ] [ 12 22 ] ] # D
[ 12.00585938 [ 5 0 ] [ 210 22 ] [ 11 22 ] ] # E
[ 10.99511719 [ 5 0 ] [ 225 22 ] [ 10 22 ] ] # F
[ 14.00097656 [ 5 0 ] [ 239 22 ] [ 13 22 ] ] # G
[ 12.99902344 [ 5 0 ] [ 2 44 ] [ 12 22 ] ] # H
[ 5.000976562 [ 5 0 ] [ 18 44 ] [ 4 22 ] ] # I
[ 10.01074219 [ 4 0 ] [ 26 44 ] [ 10 22 ] ] # J
[ 12.99902344 [ 5 0 ] [ 40 44 ] [ 13 22 ] ] # K
[ 10.99511719 [ 5 0 ] [ 57 44 ] [ 10 22 ] ] # L
[ 14.99414062 [ 5 0 ] [ 71 44 ] [ 14 22 ] ] # M
[ 12.99902344 [ 5 0 ] [ 89 44 ] [ 12 22 ] ] # N
[ 14.00097656 [ 5 0 ] [ 105 44 ] [ 13 22 ] ] # O
[ 12.00585938 [ 5 0 ] [ 122 44 ] [ 11 22 ] ] # P
[ 14.00097656 [ 5 0 ] [ 137 44 ] [ 13 22 ] ] # Q
[ 12.99902344 [ 5 0 ] [ 154 44 ] [ 12 22 ] ] # R
[ 12.00585938 [ 5 0 ] [ 170 44 ] [ 11 22 ] ] # S
[ 10.99511719 [ 4 0 ] [ 185 44 ] [ 12 22 ] ] # T
[ 12.99902344 [ 5 0 ] [ 201 44 ] [ 12 22 ] ] # U
[ 12.00585938 [ 4 0 ] [ 217 44 ] [ 12 22 ] ] # V
[ 16.98925781 [ 4 0 ] [ 233 44 ] [ 18 22 ] ] # W
[ 12.00585938 [ 4 0 ] [ 2 66 ] [ 12 22 ] ] # X
[ 12.00585938 [ 5 0 ] [ 18 66 ] [ 11 22 ] ] # Y
[ 10.99511719 [ 5 0 ] [ 33 66 ] [ 10 22 ] ] # Z
[ 5.994140625 [ 5 0 ] [ 47 66 ] [ 5 22 ] ] # [
[ 5.000976562 [ 4 0 ] [ 56 66 ] [ 6 22 ] ] # \
[ 5.994140625 [ 4 0 ] [ 66 66 ] [ 6 22 ] ] # ]
[ 10.51171875 [ 5 0 ] [ 76 66 ] [ 9 22 ] ] # ^
[ 10.01074219 [ 4 0 ] [ 89 66 ] [ 11 22 ] ] # _
[ 5.994140625 [ 5 0 ] [ 104 66 ] [ 3 22 ] ] # `
[ 10.01074219 [ 4 0 ] [ 111 66 ] [ 10 22 ] ] # a
[ 10.99511719 [ 5 0 ] [ 125 66 ] [ 10 22 ] ] # b
[ 10.01074219 [ 5 0 ] [ 139 66 ] [ 9 22 ] ] # c
[ 10.99511719 [ 4 0 ] [ 152 66 ] [ 11 22 ] ] # d
[ 10.01074219 [ 4 0 ] [ 167 66 ] [ 10 22 ] ] # e
[ 5.994140625 [ 4 0 ] [ 181 66 ] [ 6 22 ] ] # f
[ 10.99511719 [ 5 0 ] [ 191 66 ] [ 10 22 ] ] # g
[ 10.99511719 [ 5 0 ] [ 205 66 ] [ 10 22 ] ] # h
[ 5.000976562 [ 5 0 ] [ 219 66 ] [ 4 22 ] ] # i
[ 5.000976562 [ 4 0 ] [ 227 66 ] [ 5 22 ] ] # j
[ 10.01074219 [ 5 0 ] [ 236 66 ] [ 10 22 ] ] # k
[ 5.000976562 [ 5 0 ] [ 250 66 ] [ 4 22 ] ] # l
[ 16.00488281 [ 5 0 ] [ 2 88 ] [ 15 22 ] ] # m
[ 10.99511719 [ 5 0 ] [ 21 88 ] [ 10 22 ] ] # n
[ 10.99511719 [ 5 0 ] [ 35 88 ] [ 10 22 ] ] # o
[ 10.99511719 [ 5 0 ] [ 49 88 ] [ 10 22 ] ] # p
[ 10.99511719 [ 4 0 ] [ 63 88 ] [ 11 22 ] ] # q
[ 7.004882812 [ 5 0 ] [ 78 88 ] [ 6 22 ] ] # r
[ 10.01074219 [ 5 0 ] [ 88 88 ] [ 9 22 ] ] # s
[ 5.994140625 [ 4 0 ] [ 101 88 ] [ 6 22 ] ] # t
[ 10.99511719 [ 5 0 ] [ 111 88 ] [ 10 22 ] ] # u
[ 10.01074219 [ 4 0 ] [ 125 88 ] [ 10 22 ] ] # v
[ 14.00097656 [ 4 0 ] [ 139 88 ] [ 15 22 ] ] # w
[ 10.01074219 [ 4 0 ] [ 158 88 ] [ 10 22 ] ] # x
[ 10.01074219 [ 4 0 ] [ 172 88 ] [ 10 22 ] ] # y
[ 9.0 [ 4 0 ] [ 186 88 ] [ 9 22 ] ] # z
[ 7.004882812 [ 5 0 ] [ 199 88 ] [ 6 22 ] ] # {
[ 5.036132812 [ 6 0 ] [ 209 88 ] [ 2 22 ] ] # |
[ 7.004882812 [ 5 0 ] [ 215 88 ] [ 6 22 ] ] # }
[ 10.51171875 [ 5 0 ] [ 225 88 ] [ 9 22 ] ] # ~
[ 7.007519531 [ 0 0 ] [ 238 88 ] [ 0 22 ] ] # 
