[ 16.35087891 [ 0 0 ] [ 2 0 ] [ 0 46 ] ] #  
[ 13.98632812 [ 9 0 ] [ 6 0 ] [ 7 46 ] ] # !
[ 19.91308594 [ 6 0 ] [ 17 0 ] [ 17 46 ] ] # "
[ 23.35839844 [ 4 0 ] [ 38 0 ] [ 24 46 ] ] # #
[ 23.35839844 [ 5 0 ] [ 66 0 ] [ 22 46 ] ] # $
[ 37.34472656 [ 5 0 ] [ 92 0 ] [ 36 46 ] ] # %
[ 30.33105469 [ 6 0 ] [ 132 0 ] [ 28 46 ] ] # &
[ 9.987304688 [ 7 0 ] [ 164 0 ] [ 6 46 ] ] # '
[ 13.98632812 [ 6 0 ] [ 174 0 ] [ 11 46 ] ] # (
[ 13.98632812 [ 5 0 ] [ 189 0 ] [ 12 46 ] ] # )
[ 16.34472656 [ 5 0 ] [ 205 0 ] [ 15 46 ] ] # *
[ 24.52734375 [ 6 0 ] [ 224 0 ] [ 21 46 ] ] # +
[ 11.66894531 [ 7 0 ] [ 249 0 ] [ 7 46 ] ] # ,
[ 13.98632812 [ 5 0 ] [ 260 0 ] [ 12 46 ] ] # -
[ 11.66894531 [ 7 0 ] [ 276 0 ] [ 7 46 ] ] # .
[ 11.66894531 [ 4 0 ] [ 287 0 ] [ 12 46 ] ] # /
[ 23.35839844 [ 5 0 ] [ 303 0 ] [ 22 46 ] ] # 0
[ 23.35839844 [ 7 0 ] [ 329 0 ] [ 14 46 ] ] # 1
[ 23.35839844 [ 5 0 ] [ 347 0 ] [ 21 46 ] ] # 2
[ 23.35839844 [ 5 0 ] [ 372 0 ] [ 22 46 ] ] # 3
[ 23.35839844 [ 5 0 ] [ 398 0 ] [ 22 46 ] ] # 4
[ 23.35839844 [ 5 0 ] [ 424 0 ] [ 22 46 ] ] # 5
[ 23.35839844 [ 5 0 ] [ 450 0 ] [ 22 46 ] ] # 6
[ 23.35839844 [ 5 0 ] [ 476 0 ] [ 22 46 ] ] # 7
[ 23.35839844 [ 5 0 ] [ 2 46 ] [ 22 46 ] ] # 8
[ 23.35839844 [ 5 0 ] [ 28 46 ] [ 21 46 ] ] # 9
[ 13.98632812 [ 9 0 ] [ 53 46 ] [ 7 46 ] ] # :
[ 13.98632812 [ 9 0 ] [ 64 46 ] [ 7 46 ] ] # ;
[ 24.52734375 [ 6 0 ] [ 75 46 ] [ 21 46 ] ] # <
[ 24.52734375 [ 6 0 ] [ 100 46 ] [ 21 46 ] ] # =
[ 24.52734375 [ 6 0 ] [ 125 46 ] [ 21 46 ] ] # >
[ 25.65527344 [ 7 0 ] [ 150 46 ] [ 21 46 ] ] # ?
[ 40.95410156 [ 5 0 ] [ 175 46 ] [ 40 46 ] ] # @
[ 30.33105469 [ 5 0 ] [ 219 46 ] [ 29 46 ] ] # A
[ 30.33105469 [ 7 0 ] [ 252 46 ] [ 26 46 ] ] # B
[ 30.33105469 [ 6 0 ] [ 282 46 ] [ 28 46 ] ] # C
[ 30.33105469 [ 7 0 ] [ 314 46 ] [ 26 46 ] ] # D
[ 28.01367188 [ 7 0 ] [ 344 46 ] [ 24 46 ] ] # E
[ 25.65527344 [ 7 0 ] [ 372 46 ] [ 22 46 ] ] # F
[ 32.66894531 [ 6 0 ] [ 398 46 ] [ 29 46 ] ] # G
[ 30.33105469 [ 7 0 ] [ 431 46 ] [ 25 46 ] ] # H
[ 11.66894531 [ 7 0 ] [ 460 46 ] [ 7 46 ] ] # I
[ 23.35839844 [ 5 0 ] [ 471 46 ] [ 20 46 ] ] # J
[ 30.33105469 [ 7 0 ] [ 2 92 ] [ 28 46 ] ] # K
[ 25.65527344 [ 7 0 ] [ 34 92 ] [ 22 46 ] ] # L
[ 34.98632812 [ 7 0 ] [ 60 92 ] [ 30 46 ] ] # M
[ 30.33105469 [ 7 0 ] [ 94 92 ] [ 26 46 ] ] # N
[ 32.66894531 [ 6 0 ] [ 124 92 ] [ 30 46 ] ] # O
[ 28.01367188 [ 7 0 ] [ 158 92 ] [ 24 46 ] ] # P
[ 32.66894531 [ 6 0 ] [ 186 92 ] [ 30 46 ] ] # Q
[ 30.33105469 [ 7 0 ] [ 220 92 ] [ 26 46 ] ] # R
[ 28.01367188 [ 5 0 ] [ 250 92 ] [ 26 46 ] ] # S
[ 25.65527344 [ 5 0 ] [ 280 92 ] [ 25 46 ] ] # T
[ 30.33105469 [ 7 0 ] [ 309 92 ] [ 25 46 ] ] # U
[ 28.01367188 [ 5 0 ] [ 338 92 ] [ 27 46 ] ] # V
[ 39.64160156 [ 5 0 ] [ 369 92 ] [ 39 46 ] ] # W
[ 28.01367188 [ 5 0 ] [ 412 92 ] [ 27 46 ] ] # X
[ 28.01367188 [ 5 0 ] [ 443 92 ] [ 27 46 ] ] # Y
[ 25.65527344 [ 5 0 ] [ 474 92 ] [ 24 46 ] ] # Z
[ 13.98632812 [ 7 0 ] [ 2 138 ] [ 11 46 ] ] # [
[ 11.66894531 [ 4 0 ] [ 17 138 ] [ 13 46 ] ] # \
[ 13.98632812 [ 5 0 ] [ 34 138 ] [ 11 46 ] ] # ]
[ 24.52734375 [ 7 0 ] [ 49 138 ] [ 20 46 ] ] # ^
[ 23.35839844 [ 3 0 ] [ 73 138 ] [ 26 46 ] ] # _
[ 13.98632812 [ 7 0 ] [ 103 138 ] [ 6 46 ] ] # `
[ 23.35839844 [ 5 0 ] [ 113 138 ] [ 22 46 ] ] # a
[ 25.65527344 [ 6 0 ] [ 139 138 ] [ 23 46 ] ] # b
[ 23.35839844 [ 5 0 ] [ 166 138 ] [ 22 46 ] ] # c
[ 25.65527344 [ 5 0 ] [ 192 138 ] [ 23 46 ] ] # d
[ 23.35839844 [ 5 0 ] [ 219 138 ] [ 22 46 ] ] # e
[ 13.98632812 [ 5 0 ] [ 245 138 ] [ 13 46 ] ] # f
[ 25.65527344 [ 5 0 ] [ 262 138 ] [ 23 46 ] ] # g
[ 25.65527344 [ 7 0 ] [ 289 138 ] [ 21 46 ] ] # h
[ 11.66894531 [ 7 0 ] [ 314 138 ] [ 7 46 ] ] # i
[ 11.66894531 [ 4 0 ] [ 325 138 ] [ 10 46 ] ] # j
[ 23.35839844 [ 6 0 ] [ 339 138 ] [ 22 46 ] ] # k
[ 11.66894531 [ 7 0 ] [ 365 138 ] [ 7 46 ] ] # l
[ 37.34472656 [ 6 0 ] [ 376 138 ] [ 33 46 ] ] # m
[ 25.65527344 [ 7 0 ] [ 413 138 ] [ 21 46 ] ] # n
[ 25.65527344 [ 5 0 ] [ 438 138 ] [ 24 46 ] ] # o
[ 25.65527344 [ 6 0 ] [ 466 138 ] [ 23 46 ] ] # p
[ 25.65527344 [ 5 0 ] [ 2 184 ] [ 23 46 ] ] # q
[ 16.34472656 [ 7 0 ] [ 29 184 ] [ 13 46 ] ] # r
[ 23.35839844 [ 5 0 ] [ 46 184 ] [ 22 46 ] ] # s
[ 13.98632812 [ 5 0 ] [ 72 184 ] [ 12 46 ] ] # t
[ 25.65527344 [ 6 0 ] [ 88 184 ] [ 22 46 ] ] # u
[ 23.35839844 [ 5 0 ] [ 114 184 ] [ 22 46 ] ] # v
[ 32.66894531 [ 4 0 ] [ 140 184 ] [ 33 46 ] ] # w
[ 23.35839844 [ 5 0 ] [ 177 184 ] [ 22 46 ] ] # x
[ 23.35839844 [ 4 0 ] [ 203 184 ] [ 23 46 ] ] # y
[ 21.0 [ 5 0 ] [ 230 184 ] [ 19 46 ] ] # z
[ 16.34472656 [ 6 0 ] [ 253 184 ] [ 12 46 ] ] # {
[ 11.75097656 [ 8 0 ] [ 269 184 ] [ 4 46 ] ] # |
[ 16.34472656 [ 7 0 ] [ 277 184 ] [ 13 46 ] ] # }
[ 24.52734375 [ 7 0 ] [ 294 184 ] [ 20 46 ] ] # ~
[ 16.35087891 [ 0 0 ] [ 318 184 ] [ 0 46 ] ] # 
