[ 21.80117187 [ 0 0 ] [ 2 0 ] [ 0 60 ] ] #  
[ 18.6484375 [ 10 0 ] [ 6 0 ] [ 9 60 ] ] # !
[ 26.55078125 [ 7 0 ] [ 19 0 ] [ 22 60 ] ] # "
[ 31.14453125 [ 4 0 ] [ 45 0 ] [ 32 60 ] ] # #
[ 31.14453125 [ 5 0 ] [ 81 0 ] [ 29 60 ] ] # $
[ 49.79296875 [ 5 0 ] [ 114 0 ] [ 48 60 ] ] # %
[ 40.44140625 [ 7 0 ] [ 166 0 ] [ 37 60 ] ] # &
[ 13.31640625 [ 8 0 ] [ 207 0 ] [ 8 60 ] ] # '
[ 18.6484375 [ 6 0 ] [ 219 0 ] [ 16 60 ] ] # (
[ 18.6484375 [ 5 0 ] [ 239 0 ] [ 16 60 ] ] # )
[ 21.79296875 [ 5 0 ] [ 259 0 ] [ 20 60 ] ] # *
[ 32.703125 [ 7 0 ] [ 283 0 ] [ 28 60 ] ] # +
[ 15.55859375 [ 8 0 ] [ 315 0 ] [ 9 60 ] ] # ,
[ 18.6484375 [ 5 0 ] [ 328 0 ] [ 16 60 ] ] # -
[ 15.55859375 [ 8 0 ] [ 348 0 ] [ 9 60 ] ] # .
[ 15.55859375 [ 4 0 ] [ 361 0 ] [ 16 60 ] ] # /
[ 31.14453125 [ 6 0 ] [ 381 0 ] [ 28 60 ] ] # 0
[ 31.14453125 [ 8 0 ] [ 413 0 ] [ 18 60 ] ] # 1
[ 31.14453125 [ 6 0 ] [ 435 0 ] [ 28 60 ] ] # 2
[ 31.14453125 [ 6 0 ] [ 467 0 ] [ 28 60 ] ] # 3
[ 31.14453125 [ 5 0 ] [ 2 60 ] [ 29 60 ] ] # 4
[ 31.14453125 [ 6 0 ] [ 35 60 ] [ 28 60 ] ] # 5
[ 31.14453125 [ 6 0 ] [ 67 60 ] [ 28 60 ] ] # 6
[ 31.14453125 [ 6 0 ] [ 99 60 ] [ 28 60 ] ] # 7
[ 31.14453125 [ 5 0 ] [ 131 60 ] [ 29 60 ] ] # 8
[ 31.14453125 [ 6 0 ] [ 164 60 ] [ 28 60 ] ] # 9
[ 18.6484375 [ 10 0 ] [ 196 60 ] [ 10 60 ] ] # :
[ 18.6484375 [ 10 0 ] [ 210 60 ] [ 10 60 ] ] # ;
[ 32.703125 [ 6 0 ] [ 224 60 ] [ 28 60 ] ] # <
[ 32.703125 [ 7 0 ] [ 256 60 ] [ 28 60 ] ] # =
[ 32.703125 [ 6 0 ] [ 288 60 ] [ 28 60 ] ] # >
[ 34.20703125 [ 8 0 ] [ 320 60 ] [ 28 60 ] ] # ?
[ 54.60546875 [ 6 0 ] [ 352 60 ] [ 52 60 ] ] # @
[ 40.44140625 [ 5 0 ] [ 408 60 ] [ 39 60 ] ] # A
[ 40.44140625 [ 9 0 ] [ 451 60 ] [ 33 60 ] ] # B
[ 40.44140625 [ 6 0 ] [ 2 120 ] [ 37 60 ] ] # C
[ 40.44140625 [ 8 0 ] [ 43 120 ] [ 35 60 ] ] # D
[ 37.3515625 [ 8 0 ] [ 82 120 ] [ 32 60 ] ] # E
[ 34.20703125 [ 8 0 ] [ 118 120 ] [ 30 60 ] ] # F
[ 43.55859375 [ 6 0 ] [ 152 120 ] [ 39 60 ] ] # G
[ 40.44140625 [ 8 0 ] [ 195 120 ] [ 34 60 ] ] # H
[ 15.55859375 [ 8 0 ] [ 233 120 ] [ 9 60 ] ] # I
[ 31.14453125 [ 5 0 ] [ 246 120 ] [ 27 60 ] ] # J
[ 40.44140625 [ 8 0 ] [ 277 120 ] [ 37 60 ] ] # K
[ 34.20703125 [ 8 0 ] [ 318 120 ] [ 29 60 ] ] # L
[ 46.6484375 [ 8 0 ] [ 351 120 ] [ 40 60 ] ] # M
[ 40.44140625 [ 8 0 ] [ 395 120 ] [ 34 60 ] ] # N
[ 43.55859375 [ 6 0 ] [ 433 120 ] [ 40 60 ] ] # O
[ 37.3515625 [ 8 0 ] [ 477 120 ] [ 32 60 ] ] # P
[ 43.55859375 [ 6 0 ] [ 2 180 ] [ 41 60 ] ] # Q
[ 40.44140625 [ 8 0 ] [ 47 180 ] [ 35 60 ] ] # R
[ 37.3515625 [ 6 0 ] [ 86 180 ] [ 34 60 ] ] # S
[ 34.20703125 [ 5 0 ] [ 124 180 ] [ 33 60 ] ] # T
[ 40.44140625 [ 8 0 ] [ 161 180 ] [ 33 60 ] ] # U
[ 37.3515625 [ 5 0 ] [ 198 180 ] [ 36 60 ] ] # V
[ 52.85546875 [ 5 0 ] [ 238 180 ] [ 52 60 ] ] # W
[ 37.3515625 [ 5 0 ] [ 294 180 ] [ 36 60 ] ] # X
[ 37.3515625 [ 6 0 ] [ 334 180 ] [ 35 60 ] ] # Y
[ 34.20703125 [ 6 0 ] [ 373 180 ] [ 31 60 ] ] # Z
[ 18.6484375 [ 8 0 ] [ 408 180 ] [ 14 60 ] ] # [
[ 15.55859375 [ 3 0 ] [ 426 180 ] [ 18 60 ] ] # \
[ 18.6484375 [ 5 0 ] [ 448 180 ] [ 14 60 ] ] # ]
[ 32.703125 [ 7 0 ] [ 466 180 ] [ 27 60 ] ] # ^
[ 31.14453125 [ 3 0 ] [ 2 240 ] [ 34 60 ] ] # _
[ 18.6484375 [ 8 0 ] [ 40 240 ] [ 8 60 ] ] # `
[ 31.14453125 [ 6 0 ] [ 52 240 ] [ 28 60 ] ] # a
[ 34.20703125 [ 7 0 ] [ 84 240 ] [ 30 60 ] ] # b
[ 31.14453125 [ 6 0 ] [ 118 240 ] [ 28 60 ] ] # c
[ 34.20703125 [ 6 0 ] [ 150 240 ] [ 29 60 ] ] # d
[ 31.14453125 [ 5 0 ] [ 183 240 ] [ 29 60 ] ] # e
[ 18.6484375 [ 5 0 ] [ 216 240 ] [ 17 60 ] ] # f
[ 34.20703125 [ 6 0 ] [ 237 240 ] [ 29 60 ] ] # g
[ 34.20703125 [ 8 0 ] [ 270 240 ] [ 27 60 ] ] # h
[ 15.55859375 [ 8 0 ] [ 301 240 ] [ 8 60 ] ] # i
[ 15.55859375 [ 4 0 ] [ 313 240 ] [ 13 60 ] ] # j
[ 31.14453125 [ 7 0 ] [ 330 240 ] [ 28 60 ] ] # k
[ 15.55859375 [ 8 0 ] [ 362 240 ] [ 8 60 ] ] # l
[ 49.79296875 [ 7 0 ] [ 374 240 ] [ 44 60 ] ] # m
[ 34.20703125 [ 8 0 ] [ 422 240 ] [ 27 60 ] ] # n
[ 34.20703125 [ 6 0 ] [ 453 240 ] [ 31 60 ] ] # o
[ 34.20703125 [ 7 0 ] [ 2 300 ] [ 30 60 ] ] # p
[ 34.20703125 [ 6 0 ] [ 36 300 ] [ 29 60 ] ] # q
[ 21.79296875 [ 8 0 ] [ 69 300 ] [ 18 60 ] ] # r
[ 31.14453125 [ 6 0 ] [ 91 300 ] [ 28 60 ] ] # s
[ 18.6484375 [ 5 0 ] [ 123 300 ] [ 17 60 ] ] # t
[ 34.20703125 [ 7 0 ] [ 144 300 ] [ 28 60 ] ] # u
[ 31.14453125 [ 5 0 ] [ 176 300 ] [ 30 60 ] ] # v
[ 43.55859375 [ 4 0 ] [ 210 300 ] [ 44 60 ] ] # w
[ 31.14453125 [ 5 0 ] [ 258 300 ] [ 30 60 ] ] # x
[ 31.14453125 [ 5 0 ] [ 292 300 ] [ 30 60 ] ] # y
[ 28.0 [ 5 0 ] [ 326 300 ] [ 26 60 ] ] # z
[ 21.79296875 [ 6 0 ] [ 356 300 ] [ 17 60 ] ] # {
[ 15.66796875 [ 10 0 ] [ 377 300 ] [ 5 60 ] ] # |
[ 21.79296875 [ 8 0 ] [ 386 300 ] [ 17 60 ] ] # }
[ 32.703125 [ 7 0 ] [ 407 300 ] [ 27 60 ] ] # ~
[ 21.80117187 [ 0 0 ] [ 438 300 ] [ 0 60 ] ] # 
