[ 19.6 [ 0 0 ] [ 2 0 ] [ 0 60 ] ] #  
[ 18.6484375 [ 11 0 ] [ 6 0 ] [ 7 60 ] ] # !
[ 22.859375 [ 8 0 ] [ 17 0 ] [ 15 60 ] ] # "
[ 28.0 [ 4 0 ] [ 36 0 ] [ 29 60 ] ] # #
[ 28.0 [ 6 0 ] [ 69 0 ] [ 24 60 ] ] # $
[ 46.6484375 [ 7 0 ] [ 97 0 ] [ 41 60 ] ] # %
[ 43.55859375 [ 6 0 ] [ 142 0 ] [ 41 60 ] ] # &
[ 10.08984375 [ 8 0 ] [ 187 0 ] [ 9 60 ] ] # '
[ 18.6484375 [ 7 0 ] [ 200 0 ] [ 15 60 ] ] # (
[ 18.6484375 [ 6 0 ] [ 219 0 ] [ 15 60 ] ] # )
[ 28.0 [ 8 0 ] [ 238 0 ] [ 21 60 ] ] # *
[ 31.58203125 [ 6 0 ] [ 263 0 ] [ 29 60 ] ] # +
[ 14.0 [ 7 0 ] [ 296 0 ] [ 9 60 ] ] # ,
[ 18.6484375 [ 6 0 ] [ 309 0 ] [ 15 60 ] ] # -
[ 14.0 [ 8 0 ] [ 328 0 ] [ 7 60 ] ] # .
[ 15.55859375 [ 4 0 ] [ 339 0 ] [ 17 60 ] ] # /
[ 28.0 [ 5 0 ] [ 360 0 ] [ 26 60 ] ] # 0
[ 28.0 [ 10 0 ] [ 390 0 ] [ 17 60 ] ] # 1
[ 28.0 [ 6 0 ] [ 411 0 ] [ 25 60 ] ] # 2
[ 28.0 [ 6 0 ] [ 440 0 ] [ 23 60 ] ] # 3
[ 28.0 [ 5 0 ] [ 467 0 ] [ 26 60 ] ] # 4
[ 28.0 [ 6 0 ] [ 2 60 ] [ 23 60 ] ] # 5
[ 28.0 [ 6 0 ] [ 29 60 ] [ 25 60 ] ] # 6
[ 28.0 [ 5 0 ] [ 58 60 ] [ 25 60 ] ] # 7
[ 28.0 [ 7 0 ] [ 87 60 ] [ 23 60 ] ] # 8
[ 28.0 [ 6 0 ] [ 114 60 ] [ 25 60 ] ] # 9
[ 15.55859375 [ 9 0 ] [ 143 60 ] [ 7 60 ] ] # :
[ 15.55859375 [ 8 0 ] [ 154 60 ] [ 9 60 ] ] # ;
[ 31.58203125 [ 6 0 ] [ 167 60 ] [ 29 60 ] ] # <
[ 31.58203125 [ 6 0 ] [ 200 60 ] [ 29 60 ] ] # =
[ 31.58203125 [ 6 0 ] [ 233 60 ] [ 29 60 ] ] # >
[ 24.85546875 [ 8 0 ] [ 266 60 ] [ 20 60 ] ] # ?
[ 51.5703125 [ 10 0 ] [ 290 60 ] [ 40 60 ] ] # @
[ 40.44140625 [ 5 0 ] [ 334 60 ] [ 39 60 ] ] # A
[ 37.3515625 [ 5 0 ] [ 377 60 ] [ 33 60 ] ] # B
[ 37.3515625 [ 6 0 ] [ 414 60 ] [ 34 60 ] ] # C
[ 40.44140625 [ 5 0 ] [ 452 60 ] [ 38 60 ] ] # D
[ 34.20703125 [ 5 0 ] [ 2 120 ] [ 33 60 ] ] # E
[ 31.14453125 [ 5 0 ] [ 39 120 ] [ 30 60 ] ] # F
[ 40.44140625 [ 6 0 ] [ 73 120 ] [ 39 60 ] ] # G
[ 40.44140625 [ 5 0 ] [ 116 120 ] [ 39 60 ] ] # H
[ 18.6484375 [ 5 0 ] [ 159 120 ] [ 17 60 ] ] # I
[ 21.79296875 [ 5 0 ] [ 180 120 ] [ 21 60 ] ] # J
[ 40.44140625 [ 6 0 ] [ 205 120 ] [ 39 60 ] ] # K
[ 34.20703125 [ 5 0 ] [ 248 120 ] [ 33 60 ] ] # L
[ 49.79296875 [ 5 0 ] [ 285 120 ] [ 48 60 ] ] # M
[ 40.44140625 [ 5 0 ] [ 337 120 ] [ 39 60 ] ] # N
[ 40.44140625 [ 6 0 ] [ 380 120 ] [ 37 60 ] ] # O
[ 31.14453125 [ 5 0 ] [ 421 120 ] [ 30 60 ] ] # P
[ 40.44140625 [ 6 0 ] [ 455 120 ] [ 38 60 ] ] # Q
[ 37.3515625 [ 5 0 ] [ 2 180 ] [ 37 60 ] ] # R
[ 31.14453125 [ 6 0 ] [ 43 180 ] [ 26 60 ] ] # S
[ 34.20703125 [ 5 0 ] [ 73 180 ] [ 33 60 ] ] # T
[ 40.44140625 [ 5 0 ] [ 110 180 ] [ 39 60 ] ] # U
[ 40.44140625 [ 5 0 ] [ 153 180 ] [ 39 60 ] ] # V
[ 52.85546875 [ 4 0 ] [ 196 180 ] [ 53 60 ] ] # W
[ 40.44140625 [ 5 0 ] [ 253 180 ] [ 39 60 ] ] # X
[ 40.44140625 [ 5 0 ] [ 296 180 ] [ 39 60 ] ] # Y
[ 34.20703125 [ 5 0 ] [ 339 180 ] [ 33 60 ] ] # Z
[ 18.6484375 [ 9 0 ] [ 376 180 ] [ 13 60 ] ] # [
[ 15.55859375 [ 4 0 ] [ 393 180 ] [ 17 60 ] ] # \
[ 18.6484375 [ 6 0 ] [ 414 180 ] [ 12 60 ] ] # ]
[ 26.27734375 [ 5 0 ] [ 430 180 ] [ 25 60 ] ] # ^
[ 28.0 [ 4 0 ] [ 459 180 ] [ 29 60 ] ] # _
[ 18.6484375 [ 10 0 ] [ 492 180 ] [ 9 60 ] ] # `
[ 24.85546875 [ 6 0 ] [ 2 240 ] [ 24 60 ] ] # a
[ 28.0 [ 4 0 ] [ 30 240 ] [ 27 60 ] ] # b
[ 24.85546875 [ 5 0 ] [ 61 240 ] [ 23 60 ] ] # c
[ 28.0 [ 6 0 ] [ 88 240 ] [ 26 60 ] ] # d
[ 24.85546875 [ 5 0 ] [ 118 240 ] [ 24 60 ] ] # e
[ 18.6484375 [ 5 0 ] [ 146 240 ] [ 21 60 ] ] # f
[ 28.0 [ 6 0 ] [ 171 240 ] [ 25 60 ] ] # g
[ 28.0 [ 5 0 ] [ 200 240 ] [ 27 60 ] ] # h
[ 15.55859375 [ 5 0 ] [ 231 240 ] [ 14 60 ] ] # i
[ 15.55859375 [ 0 0 ] [ 249 240 ] [ 16 60 ] ] # j
[ 28.0 [ 4 0 ] [ 269 240 ] [ 29 60 ] ] # k
[ 15.55859375 [ 5 0 ] [ 302 240 ] [ 14 60 ] ] # l
[ 43.55859375 [ 5 0 ] [ 320 240 ] [ 43 60 ] ] # m
[ 28.0 [ 5 0 ] [ 367 240 ] [ 27 60 ] ] # n
[ 28.0 [ 6 0 ] [ 398 240 ] [ 25 60 ] ] # o
[ 28.0 [ 4 0 ] [ 427 240 ] [ 27 60 ] ] # p
[ 28.0 [ 5 0 ] [ 458 240 ] [ 27 60 ] ] # q
[ 18.6484375 [ 4 0 ] [ 489 240 ] [ 20 60 ] ] # r
[ 21.79296875 [ 7 0 ] [ 2 300 ] [ 17 60 ] ] # s
[ 15.55859375 [ 5 0 ] [ 23 300 ] [ 15 60 ] ] # t
[ 28.0 [ 5 0 ] [ 42 300 ] [ 27 60 ] ] # u
[ 28.0 [ 5 0 ] [ 73 300 ] [ 27 60 ] ] # v
[ 40.44140625 [ 5 0 ] [ 104 300 ] [ 39 60 ] ] # w
[ 28.0 [ 5 0 ] [ 147 300 ] [ 27 60 ] ] # x
[ 28.0 [ 5 0 ] [ 178 300 ] [ 26 60 ] ] # y
[ 24.85546875 [ 6 0 ] [ 208 300 ] [ 22 60 ] ] # z
[ 26.87890625 [ 10 0 ] [ 234 300 ] [ 14 60 ] ] # {
[ 11.2109375 [ 8 0 ] [ 252 300 ] [ 4 60 ] ] # |
[ 26.87890625 [ 11 0 ] [ 260 300 ] [ 15 60 ] ] # }
[ 30.296875 [ 6 0 ] [ 279 300 ] [ 27 60 ] ] # ~
[ 19.6 [ 0 0 ] [ 310 300 ] [ 0 60 ] ] # 
