[ 6.227539062 [ 0 0 ] [ 2 0 ] [ 0 24 ] ] #  
[ 5.322265625 [ 6 0 ] [ 6 0 ] [ 3 24 ] ] # !
[ 7.578125 [ 6 0 ] [ 13 0 ] [ 5 24 ] ] # "
[ 8.896484375 [ 4 0 ] [ 22 0 ] [ 10 24 ] ] # #
[ 8.896484375 [ 4 0 ] [ 36 0 ] [ 9 24 ] ] # $
[ 14.21875 [ 4 0 ] [ 49 0 ] [ 15 24 ] ] # %
[ 11.55273438 [ 5 0 ] [ 68 0 ] [ 11 24 ] ] # &
[ 3.798828125 [ 5 0 ] [ 83 0 ] [ 3 24 ] ] # '
[ 5.322265625 [ 5 0 ] [ 90 0 ] [ 5 24 ] ] # (
[ 5.322265625 [ 4 0 ] [ 99 0 ] [ 6 24 ] ] # )
[ 6.220703125 [ 4 0 ] [ 109 0 ] [ 7 24 ] ] # *
[ 9.3359375 [ 5 0 ] [ 120 0 ] [ 9 24 ] ] # +
[ 4.443359375 [ 5 0 ] [ 133 0 ] [ 3 24 ] ] # ,
[ 5.322265625 [ 4 0 ] [ 140 0 ] [ 6 24 ] ] # -
[ 4.443359375 [ 5 0 ] [ 150 0 ] [ 3 24 ] ] # .
[ 4.443359375 [ 3 0 ] [ 157 0 ] [ 7 24 ] ] # /
[ 8.896484375 [ 5 0 ] [ 168 0 ] [ 8 24 ] ] # 0
[ 8.896484375 [ 5 0 ] [ 180 0 ] [ 6 24 ] ] # 1
[ 8.896484375 [ 4 0 ] [ 190 0 ] [ 9 24 ] ] # 2
[ 8.896484375 [ 4 0 ] [ 203 0 ] [ 9 24 ] ] # 3
[ 8.896484375 [ 4 0 ] [ 216 0 ] [ 9 24 ] ] # 4
[ 8.896484375 [ 4 0 ] [ 229 0 ] [ 9 24 ] ] # 5
[ 8.896484375 [ 5 0 ] [ 242 0 ] [ 8 24 ] ] # 6
[ 8.896484375 [ 4 0 ] [ 2 24 ] [ 9 24 ] ] # 7
[ 8.896484375 [ 5 0 ] [ 15 24 ] [ 8 24 ] ] # 8
[ 8.896484375 [ 5 0 ] [ 27 24 ] [ 8 24 ] ] # 9
[ 5.322265625 [ 6 0 ] [ 39 24 ] [ 3 24 ] ] # :
[ 5.322265625 [ 6 0 ] [ 46 24 ] [ 3 24 ] ] # ;
[ 9.3359375 [ 5 0 ] [ 53 24 ] [ 9 24 ] ] # <
[ 9.3359375 [ 5 0 ] [ 66 24 ] [ 9 24 ] ] # =
[ 9.3359375 [ 5 0 ] [ 79 24 ] [ 9 24 ] ] # >
[ 9.765625 [ 5 0 ] [ 92 24 ] [ 9 24 ] ] # ?
[ 15.59570312 [ 6 0 ] [ 105 24 ] [ 13 24 ] ] # @
[ 11.55273438 [ 4 0 ] [ 122 24 ] [ 12 24 ] ] # A
[ 11.55273438 [ 5 0 ] [ 138 24 ] [ 11 24 ] ] # B
[ 11.55273438 [ 5 0 ] [ 153 24 ] [ 11 24 ] ] # C
[ 11.55273438 [ 5 0 ] [ 168 24 ] [ 11 24 ] ] # D
[ 10.6640625 [ 5 0 ] [ 183 24 ] [ 10 24 ] ] # E
[ 9.765625 [ 5 0 ] [ 197 24 ] [ 9 24 ] ] # F
[ 12.44140625 [ 5 0 ] [ 210 24 ] [ 12 24 ] ] # G
[ 11.55273438 [ 5 0 ] [ 226 24 ] [ 10 24 ] ] # H
[ 4.443359375 [ 5 0 ] [ 240 24 ] [ 3 24 ] ] # I
[ 8.896484375 [ 4 0 ] [ 2 48 ] [ 9 24 ] ] # J
[ 11.55273438 [ 5 0 ] [ 15 48 ] [ 12 24 ] ] # K
[ 9.765625 [ 5 0 ] [ 31 48 ] [ 9 24 ] ] # L
[ 13.3203125 [ 5 0 ] [ 44 48 ] [ 12 24 ] ] # M
[ 11.55273438 [ 5 0 ] [ 60 48 ] [ 10 24 ] ] # N
[ 12.44140625 [ 5 0 ] [ 74 48 ] [ 12 24 ] ] # O
[ 10.6640625 [ 5 0 ] [ 90 48 ] [ 10 24 ] ] # P
[ 12.44140625 [ 5 0 ] [ 104 48 ] [ 12 24 ] ] # Q
[ 11.55273438 [ 5 0 ] [ 120 48 ] [ 11 24 ] ] # R
[ 10.6640625 [ 5 0 ] [ 135 48 ] [ 10 24 ] ] # S
[ 9.765625 [ 4 0 ] [ 149 48 ] [ 11 24 ] ] # T
[ 11.55273438 [ 5 0 ] [ 164 48 ] [ 10 24 ] ] # U
[ 10.6640625 [ 4 0 ] [ 178 48 ] [ 11 24 ] ] # V
[ 15.09765625 [ 4 0 ] [ 193 48 ] [ 16 24 ] ] # W
[ 10.6640625 [ 4 0 ] [ 213 48 ] [ 11 24 ] ] # X
[ 10.6640625 [ 4 0 ] [ 228 48 ] [ 11 24 ] ] # Y
[ 9.765625 [ 4 0 ] [ 243 48 ] [ 10 24 ] ] # Z
[ 5.322265625 [ 5 0 ] [ 2 72 ] [ 5 24 ] ] # [
[ 4.443359375 [ 3 0 ] [ 11 72 ] [ 7 24 ] ] # \
[ 5.322265625 [ 4 0 ] [ 22 72 ] [ 5 24 ] ] # ]
[ 9.3359375 [ 5 0 ] [ 31 72 ] [ 8 24 ] ] # ^
[ 8.896484375 [ 4 0 ] [ 43 72 ] [ 10 24 ] ] # _
[ 5.322265625 [ 5 0 ] [ 57 72 ] [ 3 24 ] ] # `
[ 8.896484375 [ 5 0 ] [ 64 72 ] [ 8 24 ] ] # a
[ 9.765625 [ 5 0 ] [ 76 72 ] [ 9 24 ] ] # b
[ 8.896484375 [ 5 0 ] [ 89 72 ] [ 8 24 ] ] # c
[ 9.765625 [ 5 0 ] [ 101 72 ] [ 9 24 ] ] # d
[ 8.896484375 [ 4 0 ] [ 114 72 ] [ 9 24 ] ] # e
[ 5.322265625 [ 4 0 ] [ 127 72 ] [ 6 24 ] ] # f
[ 9.765625 [ 5 0 ] [ 137 72 ] [ 9 24 ] ] # g
[ 9.765625 [ 5 0 ] [ 150 72 ] [ 9 24 ] ] # h
[ 4.443359375 [ 5 0 ] [ 163 72 ] [ 3 24 ] ] # i
[ 4.443359375 [ 4 0 ] [ 170 72 ] [ 4 24 ] ] # j
[ 8.896484375 [ 5 0 ] [ 178 72 ] [ 9 24 ] ] # k
[ 4.443359375 [ 5 0 ] [ 191 72 ] [ 3 24 ] ] # l
[ 14.21875 [ 5 0 ] [ 198 72 ] [ 13 24 ] ] # m
[ 9.765625 [ 5 0 ] [ 215 72 ] [ 9 24 ] ] # n
[ 9.765625 [ 5 0 ] [ 228 72 ] [ 9 24 ] ] # o
[ 9.765625 [ 5 0 ] [ 241 72 ] [ 9 24 ] ] # p
[ 9.765625 [ 5 0 ] [ 2 96 ] [ 9 24 ] ] # q
[ 6.220703125 [ 5 0 ] [ 15 96 ] [ 6 24 ] ] # r
[ 8.896484375 [ 5 0 ] [ 25 96 ] [ 8 24 ] ] # s
[ 5.322265625 [ 4 0 ] [ 37 96 ] [ 6 24 ] ] # t
[ 9.765625 [ 5 0 ] [ 47 96 ] [ 9 24 ] ] # u
[ 8.896484375 [ 4 0 ] [ 60 96 ] [ 10 24 ] ] # v
[ 12.44140625 [ 4 0 ] [ 74 96 ] [ 13 24 ] ] # w
[ 8.896484375 [ 4 0 ] [ 91 96 ] [ 10 24 ] ] # x
[ 8.896484375 [ 4 0 ] [ 105 96 ] [ 10 24 ] ] # y
[ 7.998046875 [ 4 0 ] [ 119 96 ] [ 9 24 ] ] # z
[ 6.220703125 [ 5 0 ] [ 132 96 ] [ 6 24 ] ] # {
[ 4.47265625 [ 5 0 ] [ 142 96 ] [ 3 24 ] ] # |
[ 6.220703125 [ 4 0 ] [ 149 96 ] [ 6 24 ] ] # }
[ 9.3359375 [ 5 0 ] [ 159 96 ] [ 8 24 ] ] # ~
[ 6.227539062 [ 0 0 ] [ 171 96 ] [ 0 24 ] ] # 
