[ 2.0 [ 0 0 ] [ 2 0 ] [ 0 20 ] ] #  
[ 5.0 [ 6 0 ] [ 6 0 ] [ 3 20 ] ] # !
[ 13.0 [ 5 0 ] [ 13 0 ] [ 11 20 ] ] # "
[ 10.0 [ 4 0 ] [ 28 0 ] [ 8 20 ] ] # #
[ 10.0 [ 4 0 ] [ 40 0 ] [ 8 20 ] ] # $
[ 14.0 [ 5 0 ] [ 52 0 ] [ 12 20 ] ] # %
[ 14.0 [ 5 0 ] [ 68 0 ] [ 12 20 ] ] # &
[ 8.0 [ 5 0 ] [ 84 0 ] [ 6 20 ] ] # '
[ 7.0 [ 5 0 ] [ 94 0 ] [ 5 20 ] ] # (
[ 7.0 [ 4 0 ] [ 103 0 ] [ 5 20 ] ] # )
[ 9.0 [ 5 0 ] [ 112 0 ] [ 7 20 ] ] # *
[ 11.0 [ 4 0 ] [ 123 0 ] [ 9 20 ] ] # +
[ 5.0 [ 5 0 ] [ 136 0 ] [ 3 20 ] ] # ,
[ 11.0 [ 4 0 ] [ 143 0 ] [ 9 20 ] ] # -
[ 5.0 [ 5 0 ] [ 156 0 ] [ 3 20 ] ] # .
[ 7.0 [ 4 0 ] [ 163 0 ] [ 5 20 ] ] # /
[ 10.0 [ 4 0 ] [ 172 0 ] [ 8 20 ] ] # 0
[ 7.0 [ 6 0 ] [ 184 0 ] [ 5 20 ] ] # 1
[ 10.0 [ 4 0 ] [ 193 0 ] [ 8 20 ] ] # 2
[ 9.0 [ 5 0 ] [ 205 0 ] [ 7 20 ] ] # 3
[ 10.0 [ 4 0 ] [ 216 0 ] [ 8 20 ] ] # 4
[ 10.0 [ 4 0 ] [ 228 0 ] [ 8 20 ] ] # 5
[ 9.0 [ 5 0 ] [ 240 0 ] [ 7 20 ] ] # 6
[ 10.0 [ 4 0 ] [ 2 20 ] [ 8 20 ] ] # 7
[ 9.0 [ 5 0 ] [ 14 20 ] [ 7 20 ] ] # 8
[ 10.0 [ 4 0 ] [ 25 20 ] [ 8 20 ] ] # 9
[ 5.0 [ 5 0 ] [ 37 20 ] [ 3 20 ] ] # :
[ 5.0 [ 5 0 ] [ 44 20 ] [ 3 20 ] ] # ;
[ 11.0 [ 4 0 ] [ 51 20 ] [ 9 20 ] ] # <
[ 11.0 [ 4 0 ] [ 64 20 ] [ 9 20 ] ] # =
[ 11.0 [ 4 0 ] [ 77 20 ] [ 9 20 ] ] # >
[ 8.0 [ 5 0 ] [ 90 20 ] [ 6 20 ] ] # ?
[ 11.0 [ 4 0 ] [ 100 20 ] [ 9 20 ] ] # @
[ 14.0 [ 4 0 ] [ 113 20 ] [ 12 20 ] ] # A
[ 12.0 [ 4 0 ] [ 129 20 ] [ 10 20 ] ] # B
[ 14.0 [ 4 0 ] [ 143 20 ] [ 12 20 ] ] # C
[ 12.0 [ 4 0 ] [ 159 20 ] [ 10 20 ] ] # D
[ 12.0 [ 5 0 ] [ 173 20 ] [ 10 20 ] ] # E
[ 15.0 [ 4 0 ] [ 187 20 ] [ 13 20 ] ] # F
[ 13.0 [ 4 0 ] [ 204 20 ] [ 11 20 ] ] # G
[ 13.0 [ 5 0 ] [ 219 20 ] [ 11 20 ] ] # H
[ 7.0 [ 5 0 ] [ 234 20 ] [ 5 20 ] ] # I
[ 13.0 [ 4 0 ] [ 243 20 ] [ 11 20 ] ] # J
[ 13.0 [ 5 0 ] [ 2 40 ] [ 11 20 ] ] # K
[ 14.0 [ 4 0 ] [ 17 40 ] [ 12 20 ] ] # L
[ 17.0 [ 4 0 ] [ 33 40 ] [ 15 20 ] ] # M
[ 14.0 [ 4 0 ] [ 52 40 ] [ 12 20 ] ] # N
[ 13.0 [ 5 0 ] [ 68 40 ] [ 11 20 ] ] # O
[ 15.0 [ 4 0 ] [ 83 40 ] [ 13 20 ] ] # P
[ 13.0 [ 5 0 ] [ 100 40 ] [ 11 20 ] ] # Q
[ 12.0 [ 4 0 ] [ 115 40 ] [ 10 20 ] ] # R
[ 12.0 [ 4 0 ] [ 129 40 ] [ 10 20 ] ] # S
[ 12.0 [ 5 0 ] [ 143 40 ] [ 10 20 ] ] # T
[ 14.0 [ 4 0 ] [ 157 40 ] [ 12 20 ] ] # U
[ 9.0 [ 5 0 ] [ 173 40 ] [ 7 20 ] ] # V
[ 14.0 [ 5 0 ] [ 184 40 ] [ 12 20 ] ] # W
[ 11.0 [ 5 0 ] [ 200 40 ] [ 9 20 ] ] # X
[ 15.0 [ 4 0 ] [ 213 40 ] [ 13 20 ] ] # Y
[ 12.0 [ 5 0 ] [ 230 40 ] [ 10 20 ] ] # Z
[ 7.0 [ 5 0 ] [ 244 40 ] [ 5 20 ] ] # [
[ 11.0 [ 7 0 ] [ 2 60 ] [ 9 20 ] ] # \
[ 6.0 [ 5 0 ] [ 15 60 ] [ 4 20 ] ] # ]
[ 13.0 [ 4 0 ] [ 23 60 ] [ 11 20 ] ] # ^
[ 11.0 [ 4 0 ] [ 38 60 ] [ 9 20 ] ] # _
[ 2.0 [ 0 0 ] [ 51 60 ] [ 0 20 ] ] # `
[ 12.0 [ 5 0 ] [ 55 60 ] [ 10 20 ] ] # a
[ 10.0 [ 5 0 ] [ 69 60 ] [ 8 20 ] ] # b
[ 11.0 [ 4 0 ] [ 81 60 ] [ 9 20 ] ] # c
[ 10.0 [ 5 0 ] [ 94 60 ] [ 8 20 ] ] # d
[ 10.0 [ 4 0 ] [ 106 60 ] [ 8 20 ] ] # e
[ 11.0 [ 4 0 ] [ 118 60 ] [ 9 20 ] ] # f
[ 11.0 [ 4 0 ] [ 131 60 ] [ 9 20 ] ] # g
[ 11.0 [ 4 0 ] [ 144 60 ] [ 9 20 ] ] # h
[ 8.0 [ 4 0 ] [ 157 60 ] [ 6 20 ] ] # i
[ 11.0 [ 5 0 ] [ 167 60 ] [ 9 20 ] ] # j
[ 11.0 [ 5 0 ] [ 180 60 ] [ 9 20 ] ] # k
[ 12.0 [ 4 0 ] [ 193 60 ] [ 10 20 ] ] # l
[ 11.0 [ 5 0 ] [ 207 60 ] [ 9 20 ] ] # m
[ 10.0 [ 4 0 ] [ 220 60 ] [ 8 20 ] ] # n
[ 10.0 [ 5 0 ] [ 232 60 ] [ 8 20 ] ] # o
[ 11.0 [ 4 0 ] [ 244 60 ] [ 9 20 ] ] # p
[ 10.0 [ 5 0 ] [ 2 80 ] [ 8 20 ] ] # q
[ 10.0 [ 5 0 ] [ 14 80 ] [ 8 20 ] ] # r
[ 11.0 [ 5 0 ] [ 26 80 ] [ 9 20 ] ] # s
[ 9.0 [ 4 0 ] [ 39 80 ] [ 7 20 ] ] # t
[ 11.0 [ 4 0 ] [ 50 80 ] [ 9 20 ] ] # u
[ 14.0 [ 4 0 ] [ 63 80 ] [ 12 20 ] ] # v
[ 13.0 [ 5 0 ] [ 79 80 ] [ 11 20 ] ] # w
[ 10.0 [ 4 0 ] [ 94 80 ] [ 8 20 ] ] # x
[ 14.0 [ 4 0 ] [ 106 80 ] [ 12 20 ] ] # y
[ 9.0 [ 5 0 ] [ 122 80 ] [ 7 20 ] ] # z
[ 8.0 [ 5 0 ] [ 133 80 ] [ 6 20 ] ] # {
[ 4.0 [ 5 0 ] [ 143 80 ] [ 2 20 ] ] # |
[ 8.0 [ 5 0 ] [ 149 80 ] [ 6 20 ] ] # }
[ 11.0 [ 4 0 ] [ 159 80 ] [ 9 20 ] ] # ~
[ 2.0 [ 0 0 ] [ 172 80 ] [ 0 20 ] ] # 
[ 2.0 [ 0 0 ] [ 176 80 ] [ 0 20 ] ] # Ä
[ 2.0 [ 0 0 ] [ 180 80 ] [ 0 20 ] ] # Å
[ 2.0 [ 0 0 ] [ 184 80 ] [ 0 20 ] ] # Ç
[ 2.0 [ 0 0 ] [ 188 80 ] [ 0 20 ] ] # É
[ 2.0 [ 0 0 ] [ 192 80 ] [ 0 20 ] ] # Ñ
[ 2.0 [ 0 0 ] [ 196 80 ] [ 0 20 ] ] # Ö
[ 2.0 [ 0 0 ] [ 200 80 ] [ 0 20 ] ] # Ü
[ 2.0 [ 0 0 ] [ 204 80 ] [ 0 20 ] ] # á
[ 2.0 [ 0 0 ] [ 208 80 ] [ 0 20 ] ] # à
[ 2.0 [ 0 0 ] [ 212 80 ] [ 0 20 ] ] # â
[ 2.0 [ 0 0 ] [ 216 80 ] [ 0 20 ] ] # ä
[ 2.0 [ 0 0 ] [ 220 80 ] [ 0 20 ] ] # ã
[ 2.0 [ 0 0 ] [ 224 80 ] [ 0 20 ] ] # å
[ 2.0 [ 0 0 ] [ 228 80 ] [ 0 20 ] ] # ç
[ 2.0 [ 0 0 ] [ 232 80 ] [ 0 20 ] ] # é
[ 2.0 [ 0 0 ] [ 236 80 ] [ 0 20 ] ] # è
[ 2.0 [ 0 0 ] [ 240 80 ] [ 0 20 ] ] # ê
[ 2.0 [ 0 0 ] [ 244 80 ] [ 0 20 ] ] # ë
[ 2.0 [ 0 0 ] [ 248 80 ] [ 0 20 ] ] # í
[ 2.0 [ 0 0 ] [ 252 80 ] [ 0 20 ] ] # ì
[ 2.0 [ 0 0 ] [ 2 100 ] [ 0 20 ] ] # î
[ 2.0 [ 0 0 ] [ 6 100 ] [ 0 20 ] ] # ï
[ 2.0 [ 0 0 ] [ 10 100 ] [ 0 20 ] ] # ñ
[ 2.0 [ 0 0 ] [ 14 100 ] [ 0 20 ] ] # ó
[ 2.0 [ 0 0 ] [ 18 100 ] [ 0 20 ] ] # ò
[ 2.0 [ 0 0 ] [ 22 100 ] [ 0 20 ] ] # ô
[ 2.0 [ 0 0 ] [ 26 100 ] [ 0 20 ] ] # ö
[ 2.0 [ 0 0 ] [ 30 100 ] [ 0 20 ] ] # õ
[ 2.0 [ 0 0 ] [ 34 100 ] [ 0 20 ] ] # ú
[ 2.0 [ 0 0 ] [ 38 100 ] [ 0 20 ] ] # ù
[ 2.0 [ 0 0 ] [ 42 100 ] [ 0 20 ] ] # û
[ 2.0 [ 0 0 ] [ 46 100 ] [ 0 20 ] ] # ü
[ 13.0 [ 5 0 ] [ 50 100 ] [ 11 20 ] ] # †
[ 13.0 [ 4 0 ] [ 65 100 ] [ 11 20 ] ] # °
[ 6.0 [ 4 0 ] [ 80 100 ] [ 4 20 ] ] # ¢
[ 11.0 [ 4 0 ] [ 88 100 ] [ 9 20 ] ] # £
[ 11.0 [ 1 0 ] [ 101 100 ] [ 9 20 ] ] # §
[ 14.0 [ 4 0 ] [ 114 100 ] [ 12 20 ] ] # •
[ 11.0 [ 4 0 ] [ 130 100 ] [ 9 20 ] ] # ¶
[ 12.0 [ 5 0 ] [ 143 100 ] [ 10 20 ] ] # ß
[ 10.0 [ 6 0 ] [ 157 100 ] [ 8 20 ] ] # ®
[ 11.0 [ 6 0 ] [ 169 100 ] [ 9 20 ] ] # ©
[ 11.0 [ 6 0 ] [ 182 100 ] [ 9 20 ] ] # ™
[ 19.0 [ 4 0 ] [ 195 100 ] [ 17 20 ] ] # ´
[ 17.0 [ 5 0 ] [ 216 100 ] [ 15 20 ] ] # ¨
[ 11.0 [ 5 0 ] [ 235 100 ] [ 9 20 ] ] # ≠
[ 17.0 [ 5 0 ] [ 2 120 ] [ 15 20 ] ] # Æ
[ 11.0 [ 5 0 ] [ 21 120 ] [ 9 20 ] ] # Ø
[ 7.0 [ 5 0 ] [ 34 120 ] [ 5 20 ] ] # ∞
[ 11.0 [ 4 0 ] [ 43 120 ] [ 9 20 ] ] # ±
[ 9.0 [ 4 0 ] [ 56 120 ] [ 7 20 ] ] # ≤
[ 11.0 [ 4 0 ] [ 67 120 ] [ 9 20 ] ] # ≥
[ 11.0 [ 4 0 ] [ 80 120 ] [ 9 20 ] ] # ¥
[ 13.0 [ 4 0 ] [ 93 120 ] [ 11 20 ] ] # µ
[ 10.0 [ 4 0 ] [ 108 120 ] [ 8 20 ] ] # ∂
[ 8.0 [ 5 0 ] [ 120 120 ] [ 6 20 ] ] # ∑
[ 11.0 [ 4 0 ] [ 130 120 ] [ 9 20 ] ] # ∏
[ 11.0 [ 4 0 ] [ 143 120 ] [ 9 20 ] ] # π
[ 11.0 [ 4 0 ] [ 156 120 ] [ 9 20 ] ] # ∫
[ 11.0 [ 4 0 ] [ 169 120 ] [ 9 20 ] ] # ª
[ 15.0 [ 6 0 ] [ 182 120 ] [ 13 20 ] ] # º
[ 3.0 [ 9 0 ] [ 199 120 ] [ 1 20 ] ] # Ω
[ 21.0 [ 3 0 ] [ 204 120 ] [ 19 20 ] ] # æ
[ 12.0 [ 4 0 ] [ 227 120 ] [ 10 20 ] ] # ø
[ 10.0 [ 7 0 ] [ 241 120 ] [ 8 20 ] ] # ¿
[ 12.0 [ 4 0 ] [ 2 140 ] [ 10 20 ] ] # ¡
[ 15.0 [ 4 0 ] [ 16 140 ] [ 13 20 ] ] # ¬
[ 14.0 [ 7 0 ] [ 33 140 ] [ 12 20 ] ] # √
[ 13.0 [ 5 0 ] [ 49 140 ] [ 11 20 ] ] # ƒ
[ 14.0 [ 5 0 ] [ 64 140 ] [ 12 20 ] ] # ≈
[ 14.0 [ 5 0 ] [ 80 140 ] [ 12 20 ] ] # ∆
[ 14.0 [ 5 0 ] [ 96 140 ] [ 12 20 ] ] # «
[ 14.0 [ 5 0 ] [ 112 140 ] [ 12 20 ] ] # »
[ 14.0 [ 4 0 ] [ 128 140 ] [ 12 20 ] ] # …
[ 14.0 [ 4 0 ] [ 144 140 ] [ 12 20 ] ] #  
[ 13.0 [ 5 0 ] [ 160 140 ] [ 11 20 ] ] # À
[ 13.0 [ 5 0 ] [ 175 140 ] [ 11 20 ] ] # Ã
[ 13.0 [ 5 0 ] [ 190 140 ] [ 11 20 ] ] # Õ
[ 10.0 [ 5 0 ] [ 205 140 ] [ 8 20 ] ] # Œ
[ 10.0 [ 5 0 ] [ 217 140 ] [ 8 20 ] ] # œ
[ 15.0 [ 4 0 ] [ 229 140 ] [ 13 20 ] ] # –
[ 13.0 [ 5 0 ] [ 2 160 ] [ 11 20 ] ] # —
[ 14.0 [ 5 0 ] [ 17 160 ] [ 12 20 ] ] # “
[ 14.0 [ 5 0 ] [ 33 160 ] [ 12 20 ] ] # ”
[ 16.0 [ 4 0 ] [ 49 160 ] [ 14 20 ] ] # ‘
[ 16.0 [ 4 0 ] [ 67 160 ] [ 14 20 ] ] # ’
[ 11.0 [ 4 0 ] [ 85 160 ] [ 9 20 ] ] # ÷
[ 5.0 [ 5 0 ] [ 98 160 ] [ 3 20 ] ] # ◊
[ 14.0 [ 4 0 ] [ 105 160 ] [ 12 20 ] ] # ÿ
[ 12.0 [ 4 0 ] [ 121 160 ] [ 10 20 ] ] # Ÿ
[ 12.0 [ 4 0 ] [ 135 160 ] [ 10 20 ] ] # ⁄
[ 19.0 [ 4 0 ] [ 149 160 ] [ 17 20 ] ] # €
[ 18.0 [ 4 0 ] [ 170 160 ] [ 16 20 ] ] # ‹
[ 11.0 [ 5 0 ] [ 190 160 ] [ 9 20 ] ] # ›
[ 17.0 [ 5 0 ] [ 203 160 ] [ 15 20 ] ] # ﬁ
[ 11.0 [ 5 0 ] [ 222 160 ] [ 9 20 ] ] # ﬂ
[ 10.0 [ 4 0 ] [ 235 160 ] [ 8 20 ] ] # ‡
[ 8.0 [ 4 0 ] [ 247 160 ] [ 6 20 ] ] # ·
[ 14.0 [ 5 0 ] [ 2 180 ] [ 12 20 ] ] # ‚
[ 14.0 [ 5 0 ] [ 18 180 ] [ 12 20 ] ] # „
[ 14.0 [ 4 0 ] [ 34 180 ] [ 12 20 ] ] # ‰
[ 14.0 [ 4 0 ] [ 50 180 ] [ 12 20 ] ] # Â
[ 7.0 [ 5 0 ] [ 66 180 ] [ 5 20 ] ] # Ê
[ 3.0 [ 5 0 ] [ 75 180 ] [ 1 20 ] ] # Á
[ 9.0 [ 5 0 ] [ 80 180 ] [ 7 20 ] ] # Ë
[ 4.0 [ 4 0 ] [ 91 180 ] [ 2 20 ] ] # È
[ 4.0 [ 4 0 ] [ 97 180 ] [ 2 20 ] ] # Í
[ 8.0 [ 4 0 ] [ 103 180 ] [ 6 20 ] ] # Î
[ 4.0 [ 7 0 ] [ 113 180 ] [ 2 20 ] ] # Ï
[ 7.0 [ 4 0 ] [ 119 180 ] [ 5 20 ] ] # Ì
[ 7.0 [ 7 0 ] [ 128 180 ] [ 5 20 ] ] # Ó
[ 4.0 [ 7 0 ] [ 137 180 ] [ 2 20 ] ] # Ô
[ 2.0 [ 0 0 ] [ 143 180 ] [ 0 20 ] ] # 
[ 8.0 [ 4 0 ] [ 147 180 ] [ 6 20 ] ] # Ò
[ 6.0 [ 4 0 ] [ 157 180 ] [ 4 20 ] ] # Ú
[ 9.0 [ 9 0 ] [ 165 180 ] [ 7 20 ] ] # Û
[ 4.0 [ 9 0 ] [ 176 180 ] [ 2 20 ] ] # Ù
[ 8.0 [ 5 0 ] [ 182 180 ] [ 6 20 ] ] # ı
[ 7.0 [ 7 0 ] [ 192 180 ] [ 5 20 ] ] # ˆ
[ 4.0 [ 10 0 ] [ 201 180 ] [ 2 20 ] ] # ˜
[ 9.0 [ 5 0 ] [ 207 180 ] [ 7 20 ] ] # ¯
[ 4.0 [ 9 0 ] [ 218 180 ] [ 2 20 ] ] # ˘
[ 4.0 [ 9 0 ] [ 224 180 ] [ 2 20 ] ] # ˙
[ 9.0 [ 4 0 ] [ 230 180 ] [ 7 20 ] ] # ˚
[ 4.0 [ 7 0 ] [ 241 180 ] [ 2 20 ] ] # ¸
[ 7.0 [ 7 0 ] [ 247 180 ] [ 5 20 ] ] # ˝
[ 7.0 [ 4 0 ] [ 2 200 ] [ 5 20 ] ] # ˛
[ 2.0 [ 0 0 ] [ 11 200 ] [ 0 20 ] ] # ˇ
