[ 4.98203125 [ 0 0 ] [ 2 0 ] [ 0 20 ] ] #  
[ 4.2578125 [ 5 0 ] [ 6 0 ] [ 3 20 ] ] # !
[ 6.0625 [ 5 0 ] [ 13 0 ] [ 5 20 ] ] # "
[ 7.1171875 [ 4 0 ] [ 22 0 ] [ 8 20 ] ] # #
[ 7.1171875 [ 4 0 ] [ 34 0 ] [ 8 20 ] ] # $
[ 11.375 [ 4 0 ] [ 46 0 ] [ 12 20 ] ] # %
[ 9.2421875 [ 5 0 ] [ 62 0 ] [ 9 20 ] ] # &
[ 3.0390625 [ 5 0 ] [ 75 0 ] [ 3 20 ] ] # '
[ 4.2578125 [ 5 0 ] [ 82 0 ] [ 4 20 ] ] # (
[ 4.2578125 [ 4 0 ] [ 90 0 ] [ 5 20 ] ] # )
[ 4.9765625 [ 4 0 ] [ 99 0 ] [ 6 20 ] ] # *
[ 7.46875 [ 5 0 ] [ 109 0 ] [ 7 20 ] ] # +
[ 3.5546875 [ 5 0 ] [ 120 0 ] [ 3 20 ] ] # ,
[ 4.2578125 [ 4 0 ] [ 127 0 ] [ 5 20 ] ] # -
[ 3.5546875 [ 5 0 ] [ 136 0 ] [ 3 20 ] ] # .
[ 3.5546875 [ 4 0 ] [ 143 0 ] [ 5 20 ] ] # /
[ 7.1171875 [ 4 0 ] [ 152 0 ] [ 8 20 ] ] # 0
[ 7.1171875 [ 5 0 ] [ 164 0 ] [ 5 20 ] ] # 1
[ 7.1171875 [ 4 0 ] [ 173 0 ] [ 8 20 ] ] # 2
[ 7.1171875 [ 4 0 ] [ 185 0 ] [ 8 20 ] ] # 3
[ 7.1171875 [ 4 0 ] [ 197 0 ] [ 8 20 ] ] # 4
[ 7.1171875 [ 4 0 ] [ 209 0 ] [ 8 20 ] ] # 5
[ 7.1171875 [ 4 0 ] [ 221 0 ] [ 8 20 ] ] # 6
[ 7.1171875 [ 4 0 ] [ 233 0 ] [ 8 20 ] ] # 7
[ 7.1171875 [ 4 0 ] [ 245 0 ] [ 8 20 ] ] # 8
[ 7.1171875 [ 4 0 ] [ 2 20 ] [ 8 20 ] ] # 9
[ 4.2578125 [ 5 0 ] [ 14 20 ] [ 3 20 ] ] # :
[ 4.2578125 [ 5 0 ] [ 21 20 ] [ 3 20 ] ] # ;
[ 7.46875 [ 4 0 ] [ 28 20 ] [ 8 20 ] ] # <
[ 7.46875 [ 5 0 ] [ 40 20 ] [ 7 20 ] ] # =
[ 7.46875 [ 4 0 ] [ 51 20 ] [ 8 20 ] ] # >
[ 7.8125 [ 5 0 ] [ 63 20 ] [ 7 20 ] ] # ?
[ 12.4765625 [ 6 0 ] [ 74 20 ] [ 10 20 ] ] # @
[ 9.2421875 [ 4 0 ] [ 88 20 ] [ 10 20 ] ] # A
[ 9.2421875 [ 5 0 ] [ 102 20 ] [ 9 20 ] ] # B
[ 9.2421875 [ 5 0 ] [ 115 20 ] [ 9 20 ] ] # C
[ 9.2421875 [ 5 0 ] [ 128 20 ] [ 9 20 ] ] # D
[ 8.53125 [ 5 0 ] [ 141 20 ] [ 8 20 ] ] # E
[ 7.8125 [ 5 0 ] [ 153 20 ] [ 7 20 ] ] # F
[ 9.953125 [ 5 0 ] [ 164 20 ] [ 9 20 ] ] # G
[ 9.2421875 [ 5 0 ] [ 177 20 ] [ 8 20 ] ] # H
[ 3.5546875 [ 5 0 ] [ 189 20 ] [ 3 20 ] ] # I
[ 7.1171875 [ 4 0 ] [ 196 20 ] [ 7 20 ] ] # J
[ 9.2421875 [ 5 0 ] [ 207 20 ] [ 9 20 ] ] # K
[ 7.8125 [ 5 0 ] [ 220 20 ] [ 7 20 ] ] # L
[ 10.65625 [ 5 0 ] [ 231 20 ] [ 10 20 ] ] # M
[ 9.2421875 [ 5 0 ] [ 245 20 ] [ 8 20 ] ] # N
[ 9.953125 [ 5 0 ] [ 2 40 ] [ 9 20 ] ] # O
[ 8.53125 [ 5 0 ] [ 15 40 ] [ 8 20 ] ] # P
[ 9.953125 [ 5 0 ] [ 27 40 ] [ 9 20 ] ] # Q
[ 9.2421875 [ 5 0 ] [ 40 40 ] [ 9 20 ] ] # R
[ 8.53125 [ 5 0 ] [ 53 40 ] [ 8 20 ] ] # S
[ 7.8125 [ 4 0 ] [ 65 40 ] [ 9 20 ] ] # T
[ 9.2421875 [ 5 0 ] [ 78 40 ] [ 8 20 ] ] # U
[ 8.53125 [ 4 0 ] [ 90 40 ] [ 9 20 ] ] # V
[ 12.078125 [ 4 0 ] [ 103 40 ] [ 13 20 ] ] # W
[ 8.53125 [ 4 0 ] [ 120 40 ] [ 9 20 ] ] # X
[ 8.53125 [ 4 0 ] [ 133 40 ] [ 9 20 ] ] # Y
[ 7.8125 [ 4 0 ] [ 146 40 ] [ 8 20 ] ] # Z
[ 4.2578125 [ 5 0 ] [ 158 40 ] [ 4 20 ] ] # [
[ 3.5546875 [ 4 0 ] [ 166 40 ] [ 5 20 ] ] # \
[ 4.2578125 [ 4 0 ] [ 175 40 ] [ 4 20 ] ] # ]
[ 7.46875 [ 5 0 ] [ 183 40 ] [ 7 20 ] ] # ^
[ 7.1171875 [ 4 0 ] [ 194 40 ] [ 8 20 ] ] # _
[ 4.2578125 [ 5 0 ] [ 206 40 ] [ 3 20 ] ] # `
[ 7.1171875 [ 4 0 ] [ 213 40 ] [ 8 20 ] ] # a
[ 7.8125 [ 5 0 ] [ 225 40 ] [ 7 20 ] ] # b
[ 7.1171875 [ 4 0 ] [ 236 40 ] [ 8 20 ] ] # c
[ 7.8125 [ 4 0 ] [ 2 60 ] [ 8 20 ] ] # d
[ 7.1171875 [ 4 0 ] [ 14 60 ] [ 8 20 ] ] # e
[ 4.2578125 [ 4 0 ] [ 26 60 ] [ 5 20 ] ] # f
[ 7.8125 [ 5 0 ] [ 35 60 ] [ 7 20 ] ] # g
[ 7.8125 [ 5 0 ] [ 46 60 ] [ 7 20 ] ] # h
[ 3.5546875 [ 5 0 ] [ 57 60 ] [ 3 20 ] ] # i
[ 3.5546875 [ 4 0 ] [ 64 60 ] [ 4 20 ] ] # j
[ 7.1171875 [ 5 0 ] [ 72 60 ] [ 7 20 ] ] # k
[ 3.5546875 [ 5 0 ] [ 83 60 ] [ 3 20 ] ] # l
[ 11.375 [ 5 0 ] [ 90 60 ] [ 11 20 ] ] # m
[ 7.8125 [ 5 0 ] [ 105 60 ] [ 7 20 ] ] # n
[ 7.8125 [ 4 0 ] [ 116 60 ] [ 8 20 ] ] # o
[ 7.8125 [ 5 0 ] [ 128 60 ] [ 7 20 ] ] # p
[ 7.8125 [ 4 0 ] [ 139 60 ] [ 8 20 ] ] # q
[ 4.9765625 [ 5 0 ] [ 151 60 ] [ 5 20 ] ] # r
[ 7.1171875 [ 4 0 ] [ 160 60 ] [ 8 20 ] ] # s
[ 4.2578125 [ 4 0 ] [ 172 60 ] [ 5 20 ] ] # t
[ 7.8125 [ 5 0 ] [ 181 60 ] [ 7 20 ] ] # u
[ 7.1171875 [ 4 0 ] [ 192 60 ] [ 8 20 ] ] # v
[ 9.953125 [ 4 0 ] [ 204 60 ] [ 11 20 ] ] # w
[ 7.1171875 [ 4 0 ] [ 219 60 ] [ 8 20 ] ] # x
[ 7.1171875 [ 4 0 ] [ 231 60 ] [ 8 20 ] ] # y
[ 6.3984375 [ 4 0 ] [ 243 60 ] [ 7 20 ] ] # z
[ 4.9765625 [ 5 0 ] [ 2 80 ] [ 5 20 ] ] # {
[ 3.578125 [ 5 0 ] [ 11 80 ] [ 2 20 ] ] # |
[ 4.9765625 [ 4 0 ] [ 17 80 ] [ 5 20 ] ] # }
[ 7.46875 [ 5 0 ] [ 26 80 ] [ 7 20 ] ] # ~
[ 4.98203125 [ 0 0 ] [ 37 80 ] [ 0 20 ] ] # 
