[ 6.227539062 [ 0 0 ] [ 2 0 ] [ 0 24 ] ] #  
[ 4.443359375 [ 5 0 ] [ 6 0 ] [ 3 24 ] ] # !
[ 5.673828125 [ 5 0 ] [ 13 0 ] [ 4 24 ] ] # "
[ 8.896484375 [ 4 0 ] [ 21 0 ] [ 9 24 ] ] # #
[ 8.896484375 [ 5 0 ] [ 34 0 ] [ 8 24 ] ] # $
[ 14.21875 [ 5 0 ] [ 46 0 ] [ 14 24 ] ] # %
[ 10.6640625 [ 5 0 ] [ 64 0 ] [ 10 24 ] ] # &
[ 3.046875 [ 5 0 ] [ 78 0 ] [ 2 24 ] ] # '
[ 5.322265625 [ 5 0 ] [ 84 0 ] [ 5 24 ] ] # (
[ 5.322265625 [ 5 0 ] [ 93 0 ] [ 4 24 ] ] # )
[ 6.220703125 [ 5 0 ] [ 101 0 ] [ 5 24 ] ] # *
[ 9.3359375 [ 5 0 ] [ 110 0 ] [ 9 24 ] ] # +
[ 4.443359375 [ 5 0 ] [ 123 0 ] [ 3 24 ] ] # ,
[ 5.322265625 [ 5 0 ] [ 130 0 ] [ 5 24 ] ] # -
[ 4.443359375 [ 5 0 ] [ 139 0 ] [ 3 24 ] ] # .
[ 4.443359375 [ 4 0 ] [ 146 0 ] [ 6 24 ] ] # /
[ 8.896484375 [ 5 0 ] [ 156 0 ] [ 8 24 ] ] # 0
[ 8.896484375 [ 6 0 ] [ 168 0 ] [ 5 24 ] ] # 1
[ 8.896484375 [ 4 0 ] [ 177 0 ] [ 9 24 ] ] # 2
[ 8.896484375 [ 5 0 ] [ 190 0 ] [ 8 24 ] ] # 3
[ 8.896484375 [ 4 0 ] [ 202 0 ] [ 9 24 ] ] # 4
[ 8.896484375 [ 5 0 ] [ 215 0 ] [ 8 24 ] ] # 5
[ 8.896484375 [ 5 0 ] [ 227 0 ] [ 8 24 ] ] # 6
[ 8.896484375 [ 5 0 ] [ 239 0 ] [ 8 24 ] ] # 7
[ 8.896484375 [ 5 0 ] [ 2 24 ] [ 8 24 ] ] # 8
[ 8.896484375 [ 5 0 ] [ 14 24 ] [ 8 24 ] ] # 9
[ 4.443359375 [ 5 0 ] [ 26 24 ] [ 3 24 ] ] # :
[ 4.443359375 [ 5 0 ] [ 33 24 ] [ 3 24 ] ] # ;
[ 9.3359375 [ 5 0 ] [ 40 24 ] [ 9 24 ] ] # <
[ 9.3359375 [ 5 0 ] [ 53 24 ] [ 9 24 ] ] # =
[ 9.3359375 [ 5 0 ] [ 66 24 ] [ 9 24 ] ] # >
[ 8.896484375 [ 5 0 ] [ 79 24 ] [ 8 24 ] ] # ?
[ 16.24023438 [ 6 0 ] [ 91 24 ] [ 13 24 ] ] # @
[ 10.6640625 [ 4 0 ] [ 108 24 ] [ 11 24 ] ] # A
[ 10.6640625 [ 5 0 ] [ 123 24 ] [ 10 24 ] ] # B
[ 11.55273438 [ 5 0 ] [ 137 24 ] [ 11 24 ] ] # C
[ 11.55273438 [ 5 0 ] [ 152 24 ] [ 11 24 ] ] # D
[ 10.6640625 [ 5 0 ] [ 167 24 ] [ 10 24 ] ] # E
[ 9.765625 [ 5 0 ] [ 181 24 ] [ 9 24 ] ] # F
[ 12.44140625 [ 5 0 ] [ 194 24 ] [ 11 24 ] ] # G
[ 11.55273438 [ 5 0 ] [ 209 24 ] [ 10 24 ] ] # H
[ 4.443359375 [ 5 0 ] [ 223 24 ] [ 3 24 ] ] # I
[ 7.998046875 [ 4 0 ] [ 230 24 ] [ 8 24 ] ] # J
[ 10.6640625 [ 5 0 ] [ 242 24 ] [ 11 24 ] ] # K
[ 8.896484375 [ 5 0 ] [ 2 48 ] [ 9 24 ] ] # L
[ 13.3203125 [ 5 0 ] [ 15 48 ] [ 12 24 ] ] # M
[ 11.55273438 [ 5 0 ] [ 31 48 ] [ 10 24 ] ] # N
[ 12.44140625 [ 5 0 ] [ 45 48 ] [ 12 24 ] ] # O
[ 10.6640625 [ 5 0 ] [ 61 48 ] [ 10 24 ] ] # P
[ 12.44140625 [ 5 0 ] [ 75 48 ] [ 12 24 ] ] # Q
[ 11.55273438 [ 5 0 ] [ 91 48 ] [ 11 24 ] ] # R
[ 10.6640625 [ 5 0 ] [ 106 48 ] [ 10 24 ] ] # S
[ 9.765625 [ 4 0 ] [ 120 48 ] [ 11 24 ] ] # T
[ 11.55273438 [ 5 0 ] [ 135 48 ] [ 10 24 ] ] # U
[ 10.6640625 [ 4 0 ] [ 149 48 ] [ 11 24 ] ] # V
[ 15.09765625 [ 4 0 ] [ 164 48 ] [ 16 24 ] ] # W
[ 10.6640625 [ 4 0 ] [ 184 48 ] [ 11 24 ] ] # X
[ 10.6640625 [ 4 0 ] [ 199 48 ] [ 11 24 ] ] # Y
[ 9.765625 [ 4 0 ] [ 214 48 ] [ 10 24 ] ] # Z
[ 4.443359375 [ 5 0 ] [ 228 48 ] [ 4 24 ] ] # [
[ 4.443359375 [ 4 0 ] [ 236 48 ] [ 6 24 ] ] # \
[ 4.443359375 [ 4 0 ] [ 246 48 ] [ 4 24 ] ] # ]
[ 7.5 [ 4 0 ] [ 2 72 ] [ 9 24 ] ] # ^
[ 8.896484375 [ 4 0 ] [ 15 72 ] [ 10 24 ] ] # _
[ 5.322265625 [ 5 0 ] [ 29 72 ] [ 3 24 ] ] # `
[ 8.896484375 [ 5 0 ] [ 36 72 ] [ 9 24 ] ] # a
[ 8.896484375 [ 5 0 ] [ 49 72 ] [ 8 24 ] ] # b
[ 7.998046875 [ 4 0 ] [ 61 72 ] [ 9 24 ] ] # c
[ 8.896484375 [ 5 0 ] [ 74 72 ] [ 8 24 ] ] # d
[ 8.896484375 [ 5 0 ] [ 86 72 ] [ 8 24 ] ] # e
[ 4.443359375 [ 4 0 ] [ 98 72 ] [ 5 24 ] ] # f
[ 8.896484375 [ 5 0 ] [ 107 72 ] [ 8 24 ] ] # g
[ 8.896484375 [ 5 0 ] [ 119 72 ] [ 8 24 ] ] # h
[ 3.5546875 [ 5 0 ] [ 131 72 ] [ 2 24 ] ] # i
[ 3.5546875 [ 4 0 ] [ 137 72 ] [ 3 24 ] ] # j
[ 7.998046875 [ 5 0 ] [ 144 72 ] [ 8 24 ] ] # k
[ 3.5546875 [ 5 0 ] [ 156 72 ] [ 2 24 ] ] # l
[ 13.3203125 [ 5 0 ] [ 162 72 ] [ 12 24 ] ] # m
[ 8.896484375 [ 5 0 ] [ 178 72 ] [ 8 24 ] ] # n
[ 8.896484375 [ 5 0 ] [ 190 72 ] [ 8 24 ] ] # o
[ 8.896484375 [ 5 0 ] [ 202 72 ] [ 8 24 ] ] # p
[ 8.896484375 [ 5 0 ] [ 214 72 ] [ 8 24 ] ] # q
[ 5.322265625 [ 5 0 ] [ 226 72 ] [ 5 24 ] ] # r
[ 7.998046875 [ 5 0 ] [ 235 72 ] [ 7 24 ] ] # s
[ 4.443359375 [ 4 0 ] [ 246 72 ] [ 5 24 ] ] # t
[ 8.896484375 [ 5 0 ] [ 2 96 ] [ 8 24 ] ] # u
[ 7.998046875 [ 4 0 ] [ 14 96 ] [ 9 24 ] ] # v
[ 11.55273438 [ 4 0 ] [ 27 96 ] [ 12 24 ] ] # w
[ 7.998046875 [ 4 0 ] [ 43 96 ] [ 9 24 ] ] # x
[ 7.998046875 [ 4 0 ] [ 56 96 ] [ 9 24 ] ] # y
[ 7.998046875 [ 4 0 ] [ 69 96 ] [ 8 24 ] ] # z
[ 5.341796875 [ 5 0 ] [ 81 96 ] [ 5 24 ] ] # {
[ 4.150390625 [ 6 0 ] [ 90 96 ] [ 2 24 ] ] # |
[ 5.341796875 [ 5 0 ] [ 96 96 ] [ 5 24 ] ] # }
[ 9.3359375 [ 5 0 ] [ 105 96 ] [ 8 24 ] ] # ~
[ 6.227539062 [ 0 0 ] [ 117 96 ] [ 0 24 ] ] # 
