[ 7.786132812 [ 0 0 ] [ 2 0 ] [ 0 24 ] ] #  
[ 6.66015625 [ 6 0 ] [ 6 0 ] [ 4 24 ] ] # !
[ 9.482421875 [ 5 0 ] [ 14 0 ] [ 8 24 ] ] # "
[ 11.12304688 [ 4 0 ] [ 26 0 ] [ 12 24 ] ] # #
[ 11.12304688 [ 4 0 ] [ 42 0 ] [ 11 24 ] ] # $
[ 17.78320312 [ 4 0 ] [ 57 0 ] [ 18 24 ] ] # %
[ 14.44335938 [ 5 0 ] [ 79 0 ] [ 14 24 ] ] # &
[ 4.755859375 [ 5 0 ] [ 97 0 ] [ 4 24 ] ] # '
[ 6.66015625 [ 5 0 ] [ 105 0 ] [ 6 24 ] ] # (
[ 6.66015625 [ 4 0 ] [ 115 0 ] [ 6 24 ] ] # )
[ 7.783203125 [ 4 0 ] [ 125 0 ] [ 8 24 ] ] # *
[ 11.6796875 [ 5 0 ] [ 137 0 ] [ 10 24 ] ] # +
[ 5.556640625 [ 5 0 ] [ 151 0 ] [ 4 24 ] ] # ,
[ 6.66015625 [ 5 0 ] [ 159 0 ] [ 6 24 ] ] # -
[ 5.556640625 [ 5 0 ] [ 169 0 ] [ 4 24 ] ] # .
[ 5.556640625 [ 4 0 ] [ 177 0 ] [ 6 24 ] ] # /
[ 11.12304688 [ 5 0 ] [ 187 0 ] [ 10 24 ] ] # 0
[ 11.12304688 [ 5 0 ] [ 201 0 ] [ 7 24 ] ] # 1
[ 11.12304688 [ 5 0 ] [ 212 0 ] [ 10 24 ] ] # 2
[ 11.12304688 [ 5 0 ] [ 226 0 ] [ 10 24 ] ] # 3
[ 11.12304688 [ 4 0 ] [ 240 0 ] [ 11 24 ] ] # 4
[ 11.12304688 [ 5 0 ] [ 2 24 ] [ 10 24 ] ] # 5
[ 11.12304688 [ 5 0 ] [ 16 24 ] [ 10 24 ] ] # 6
[ 11.12304688 [ 5 0 ] [ 30 24 ] [ 10 24 ] ] # 7
[ 11.12304688 [ 4 0 ] [ 44 24 ] [ 11 24 ] ] # 8
[ 11.12304688 [ 5 0 ] [ 59 24 ] [ 10 24 ] ] # 9
[ 6.66015625 [ 6 0 ] [ 73 24 ] [ 4 24 ] ] # :
[ 6.66015625 [ 6 0 ] [ 81 24 ] [ 4 24 ] ] # ;
[ 11.6796875 [ 5 0 ] [ 89 24 ] [ 10 24 ] ] # <
[ 11.6796875 [ 5 0 ] [ 103 24 ] [ 10 24 ] ] # =
[ 11.6796875 [ 5 0 ] [ 117 24 ] [ 10 24 ] ] # >
[ 12.21679688 [ 5 0 ] [ 131 24 ] [ 11 24 ] ] # ?
[ 19.50195312 [ 5 0 ] [ 146 24 ] [ 19 24 ] ] # @
[ 14.44335938 [ 5 0 ] [ 169 24 ] [ 14 24 ] ] # A
[ 14.44335938 [ 6 0 ] [ 187 24 ] [ 12 24 ] ] # B
[ 14.44335938 [ 5 0 ] [ 203 24 ] [ 13 24 ] ] # C
[ 14.44335938 [ 6 0 ] [ 220 24 ] [ 12 24 ] ] # D
[ 13.33984375 [ 6 0 ] [ 236 24 ] [ 11 24 ] ] # E
[ 12.21679688 [ 5 0 ] [ 2 48 ] [ 12 24 ] ] # F
[ 15.55664062 [ 5 0 ] [ 18 48 ] [ 14 24 ] ] # G
[ 14.44335938 [ 5 0 ] [ 36 48 ] [ 13 24 ] ] # H
[ 5.556640625 [ 5 0 ] [ 53 48 ] [ 4 24 ] ] # I
[ 11.12304688 [ 4 0 ] [ 61 48 ] [ 11 24 ] ] # J
[ 14.44335938 [ 5 0 ] [ 76 48 ] [ 14 24 ] ] # K
[ 12.21679688 [ 6 0 ] [ 94 48 ] [ 10 24 ] ] # L
[ 16.66015625 [ 5 0 ] [ 108 48 ] [ 15 24 ] ] # M
[ 14.44335938 [ 5 0 ] [ 127 48 ] [ 13 24 ] ] # N
[ 15.55664062 [ 5 0 ] [ 144 48 ] [ 15 24 ] ] # O
[ 13.33984375 [ 6 0 ] [ 163 48 ] [ 11 24 ] ] # P
[ 15.55664062 [ 5 0 ] [ 178 48 ] [ 15 24 ] ] # Q
[ 14.44335938 [ 6 0 ] [ 197 48 ] [ 12 24 ] ] # R
[ 13.33984375 [ 5 0 ] [ 213 48 ] [ 12 24 ] ] # S
[ 12.21679688 [ 4 0 ] [ 229 48 ] [ 13 24 ] ] # T
[ 14.44335938 [ 6 0 ] [ 2 72 ] [ 12 24 ] ] # U
[ 13.33984375 [ 5 0 ] [ 18 72 ] [ 13 24 ] ] # V
[ 18.87695312 [ 4 0 ] [ 35 72 ] [ 19 24 ] ] # W
[ 13.33984375 [ 5 0 ] [ 58 72 ] [ 13 24 ] ] # X
[ 13.33984375 [ 5 0 ] [ 75 72 ] [ 13 24 ] ] # Y
[ 12.21679688 [ 5 0 ] [ 92 72 ] [ 11 24 ] ] # Z
[ 6.66015625 [ 5 0 ] [ 107 72 ] [ 6 24 ] ] # [
[ 5.556640625 [ 4 0 ] [ 117 72 ] [ 7 24 ] ] # \
[ 6.66015625 [ 4 0 ] [ 128 72 ] [ 6 24 ] ] # ]
[ 11.6796875 [ 5 0 ] [ 138 72 ] [ 10 24 ] ] # ^
[ 11.12304688 [ 4 0 ] [ 152 72 ] [ 12 24 ] ] # _
[ 6.66015625 [ 5 0 ] [ 168 72 ] [ 4 24 ] ] # `
[ 11.12304688 [ 5 0 ] [ 176 72 ] [ 10 24 ] ] # a
[ 12.21679688 [ 5 0 ] [ 190 72 ] [ 11 24 ] ] # b
[ 11.12304688 [ 5 0 ] [ 205 72 ] [ 10 24 ] ] # c
[ 12.21679688 [ 5 0 ] [ 219 72 ] [ 11 24 ] ] # d
[ 11.12304688 [ 4 0 ] [ 234 72 ] [ 11 24 ] ] # e
[ 6.66015625 [ 4 0 ] [ 2 96 ] [ 7 24 ] ] # f
[ 12.21679688 [ 5 0 ] [ 13 96 ] [ 11 24 ] ] # g
[ 12.21679688 [ 5 0 ] [ 28 96 ] [ 11 24 ] ] # h
[ 5.556640625 [ 5 0 ] [ 43 96 ] [ 4 24 ] ] # i
[ 5.556640625 [ 4 0 ] [ 51 96 ] [ 5 24 ] ] # j
[ 11.12304688 [ 5 0 ] [ 60 96 ] [ 11 24 ] ] # k
[ 5.556640625 [ 5 0 ] [ 75 96 ] [ 4 24 ] ] # l
[ 17.78320312 [ 5 0 ] [ 83 96 ] [ 16 24 ] ] # m
[ 12.21679688 [ 5 0 ] [ 103 96 ] [ 11 24 ] ] # n
[ 12.21679688 [ 5 0 ] [ 118 96 ] [ 11 24 ] ] # o
[ 12.21679688 [ 5 0 ] [ 133 96 ] [ 11 24 ] ] # p
[ 12.21679688 [ 5 0 ] [ 148 96 ] [ 11 24 ] ] # q
[ 7.783203125 [ 5 0 ] [ 163 96 ] [ 7 24 ] ] # r
[ 11.12304688 [ 5 0 ] [ 174 96 ] [ 10 24 ] ] # s
[ 6.66015625 [ 4 0 ] [ 188 96 ] [ 7 24 ] ] # t
[ 12.21679688 [ 5 0 ] [ 199 96 ] [ 11 24 ] ] # u
[ 11.12304688 [ 4 0 ] [ 214 96 ] [ 11 24 ] ] # v
[ 15.55664062 [ 4 0 ] [ 229 96 ] [ 16 24 ] ] # w
[ 11.12304688 [ 4 0 ] [ 2 120 ] [ 11 24 ] ] # x
[ 11.12304688 [ 4 0 ] [ 17 120 ] [ 12 24 ] ] # y
[ 10.0 [ 4 0 ] [ 33 120 ] [ 10 24 ] ] # z
[ 7.783203125 [ 5 0 ] [ 47 120 ] [ 6 24 ] ] # {
[ 5.595703125 [ 6 0 ] [ 57 120 ] [ 2 24 ] ] # |
[ 7.783203125 [ 5 0 ] [ 63 120 ] [ 7 24 ] ] # }
[ 11.6796875 [ 5 0 ] [ 74 120 ] [ 10 24 ] ] # ~
[ 7.786132812 [ 0 0 ] [ 88 120 ] [ 0 24 ] ] # 
