[ 5.450292969 [ 0 0 ] [ 2 0 ] [ 0 18 ] ] #  
[ 4.662109375 [ 6 0 ] [ 6 0 ] [ 3 18 ] ] # !
[ 6.637695312 [ 5 0 ] [ 13 0 ] [ 6 18 ] ] # "
[ 7.786132812 [ 4 0 ] [ 23 0 ] [ 9 18 ] ] # #
[ 7.786132812 [ 4 0 ] [ 36 0 ] [ 8 18 ] ] # $
[ 12.44824219 [ 4 0 ] [ 48 0 ] [ 13 18 ] ] # %
[ 10.11035156 [ 5 0 ] [ 65 0 ] [ 9 18 ] ] # &
[ 3.329101562 [ 5 0 ] [ 78 0 ] [ 3 18 ] ] # '
[ 4.662109375 [ 5 0 ] [ 85 0 ] [ 4 18 ] ] # (
[ 4.662109375 [ 4 0 ] [ 93 0 ] [ 5 18 ] ] # )
[ 5.448242188 [ 4 0 ] [ 102 0 ] [ 6 18 ] ] # *
[ 8.17578125 [ 5 0 ] [ 112 0 ] [ 7 18 ] ] # +
[ 3.889648438 [ 5 0 ] [ 123 0 ] [ 3 18 ] ] # ,
[ 4.662109375 [ 4 0 ] [ 130 0 ] [ 5 18 ] ] # -
[ 3.889648438 [ 5 0 ] [ 139 0 ] [ 3 18 ] ] # .
[ 3.889648438 [ 4 0 ] [ 146 0 ] [ 5 18 ] ] # /
[ 7.786132812 [ 4 0 ] [ 155 0 ] [ 8 18 ] ] # 0
[ 7.786132812 [ 5 0 ] [ 167 0 ] [ 5 18 ] ] # 1
[ 7.786132812 [ 4 0 ] [ 176 0 ] [ 8 18 ] ] # 2
[ 7.786132812 [ 4 0 ] [ 188 0 ] [ 8 18 ] ] # 3
[ 7.786132812 [ 4 0 ] [ 200 0 ] [ 8 18 ] ] # 4
[ 7.786132812 [ 4 0 ] [ 212 0 ] [ 8 18 ] ] # 5
[ 7.786132812 [ 4 0 ] [ 224 0 ] [ 8 18 ] ] # 6
[ 7.786132812 [ 4 0 ] [ 236 0 ] [ 8 18 ] ] # 7
[ 7.786132812 [ 4 0 ] [ 2 18 ] [ 8 18 ] ] # 8
[ 7.786132812 [ 4 0 ] [ 14 18 ] [ 8 18 ] ] # 9
[ 4.662109375 [ 6 0 ] [ 26 18 ] [ 3 18 ] ] # :
[ 4.662109375 [ 6 0 ] [ 33 18 ] [ 3 18 ] ] # ;
[ 8.17578125 [ 5 0 ] [ 40 18 ] [ 7 18 ] ] # <
[ 8.17578125 [ 5 0 ] [ 51 18 ] [ 7 18 ] ] # =
[ 8.17578125 [ 5 0 ] [ 62 18 ] [ 7 18 ] ] # >
[ 8.551757812 [ 5 0 ] [ 73 18 ] [ 8 18 ] ] # ?
[ 13.65136719 [ 4 0 ] [ 85 18 ] [ 14 18 ] ] # @
[ 10.11035156 [ 4 0 ] [ 103 18 ] [ 11 18 ] ] # A
[ 10.11035156 [ 5 0 ] [ 118 18 ] [ 9 18 ] ] # B
[ 10.11035156 [ 5 0 ] [ 131 18 ] [ 9 18 ] ] # C
[ 10.11035156 [ 5 0 ] [ 144 18 ] [ 9 18 ] ] # D
[ 9.337890625 [ 5 0 ] [ 157 18 ] [ 9 18 ] ] # E
[ 8.551757812 [ 5 0 ] [ 170 18 ] [ 8 18 ] ] # F
[ 10.88964844 [ 5 0 ] [ 182 18 ] [ 10 18 ] ] # G
[ 10.11035156 [ 5 0 ] [ 196 18 ] [ 9 18 ] ] # H
[ 3.889648438 [ 5 0 ] [ 209 18 ] [ 3 18 ] ] # I
[ 7.786132812 [ 4 0 ] [ 216 18 ] [ 8 18 ] ] # J
[ 10.11035156 [ 5 0 ] [ 228 18 ] [ 10 18 ] ] # K
[ 8.551757812 [ 5 0 ] [ 242 18 ] [ 8 18 ] ] # L
[ 11.66210938 [ 5 0 ] [ 2 36 ] [ 11 18 ] ] # M
[ 10.11035156 [ 5 0 ] [ 17 36 ] [ 9 18 ] ] # N
[ 10.88964844 [ 5 0 ] [ 30 36 ] [ 10 18 ] ] # O
[ 9.337890625 [ 5 0 ] [ 44 36 ] [ 9 18 ] ] # P
[ 10.88964844 [ 5 0 ] [ 57 36 ] [ 10 18 ] ] # Q
[ 10.11035156 [ 5 0 ] [ 71 36 ] [ 9 18 ] ] # R
[ 9.337890625 [ 4 0 ] [ 84 36 ] [ 10 18 ] ] # S
[ 8.551757812 [ 4 0 ] [ 98 36 ] [ 9 18 ] ] # T
[ 10.11035156 [ 5 0 ] [ 111 36 ] [ 9 18 ] ] # U
[ 9.337890625 [ 4 0 ] [ 124 36 ] [ 10 18 ] ] # V
[ 13.21386719 [ 4 0 ] [ 138 36 ] [ 14 18 ] ] # W
[ 9.337890625 [ 4 0 ] [ 156 36 ] [ 10 18 ] ] # X
[ 9.337890625 [ 4 0 ] [ 170 36 ] [ 10 18 ] ] # Y
[ 8.551757812 [ 4 0 ] [ 184 36 ] [ 9 18 ] ] # Z
[ 4.662109375 [ 5 0 ] [ 197 36 ] [ 4 18 ] ] # [
[ 3.889648438 [ 4 0 ] [ 205 36 ] [ 5 18 ] ] # \
[ 4.662109375 [ 4 0 ] [ 214 36 ] [ 4 18 ] ] # ]
[ 8.17578125 [ 5 0 ] [ 222 36 ] [ 7 18 ] ] # ^
[ 7.786132812 [ 4 0 ] [ 233 36 ] [ 9 18 ] ] # _
[ 4.662109375 [ 5 0 ] [ 246 36 ] [ 3 18 ] ] # `
[ 7.786132812 [ 4 0 ] [ 2 54 ] [ 8 18 ] ] # a
[ 8.551757812 [ 5 0 ] [ 14 54 ] [ 8 18 ] ] # b
[ 7.786132812 [ 4 0 ] [ 26 54 ] [ 8 18 ] ] # c
[ 8.551757812 [ 4 0 ] [ 38 54 ] [ 8 18 ] ] # d
[ 7.786132812 [ 4 0 ] [ 50 54 ] [ 8 18 ] ] # e
[ 4.662109375 [ 4 0 ] [ 62 54 ] [ 5 18 ] ] # f
[ 8.551757812 [ 4 0 ] [ 71 54 ] [ 8 18 ] ] # g
[ 8.551757812 [ 5 0 ] [ 83 54 ] [ 7 18 ] ] # h
[ 3.889648438 [ 5 0 ] [ 94 54 ] [ 3 18 ] ] # i
[ 3.889648438 [ 4 0 ] [ 101 54 ] [ 4 18 ] ] # j
[ 7.786132812 [ 5 0 ] [ 109 54 ] [ 7 18 ] ] # k
[ 3.889648438 [ 5 0 ] [ 120 54 ] [ 3 18 ] ] # l
[ 12.44824219 [ 5 0 ] [ 127 54 ] [ 11 18 ] ] # m
[ 8.551757812 [ 5 0 ] [ 142 54 ] [ 7 18 ] ] # n
[ 8.551757812 [ 4 0 ] [ 153 54 ] [ 9 18 ] ] # o
[ 8.551757812 [ 5 0 ] [ 166 54 ] [ 8 18 ] ] # p
[ 8.551757812 [ 4 0 ] [ 178 54 ] [ 8 18 ] ] # q
[ 5.448242188 [ 5 0 ] [ 190 54 ] [ 5 18 ] ] # r
[ 7.786132812 [ 4 0 ] [ 199 54 ] [ 8 18 ] ] # s
[ 4.662109375 [ 4 0 ] [ 211 54 ] [ 5 18 ] ] # t
[ 8.551757812 [ 5 0 ] [ 220 54 ] [ 7 18 ] ] # u
[ 7.786132812 [ 4 0 ] [ 231 54 ] [ 8 18 ] ] # v
[ 10.88964844 [ 4 0 ] [ 243 54 ] [ 11 18 ] ] # w
[ 7.786132812 [ 4 0 ] [ 2 72 ] [ 8 18 ] ] # x
[ 7.786132812 [ 4 0 ] [ 14 72 ] [ 8 18 ] ] # y
[ 7.0 [ 4 0 ] [ 26 72 ] [ 7 18 ] ] # z
[ 5.448242188 [ 5 0 ] [ 37 72 ] [ 4 18 ] ] # {
[ 3.916992188 [ 5 0 ] [ 45 72 ] [ 2 18 ] ] # |
[ 5.448242188 [ 5 0 ] [ 51 72 ] [ 5 18 ] ] # }
[ 8.17578125 [ 5 0 ] [ 60 72 ] [ 7 18 ] ] # ~
[ 5.450292969 [ 0 0 ] [ 71 72 ] [ 0 18 ] ] # 
