[ 21.80117187 [ 0 0 ] [ 2 0 ] [ 0 60 ] ] #  
[ 15.55859375 [ 11 0 ] [ 6 0 ] [ 5 60 ] ] # !
[ 19.87890625 [ 7 0 ] [ 15 0 ] [ 15 60 ] ] # "
[ 31.14453125 [ 5 0 ] [ 34 0 ] [ 30 60 ] ] # #
[ 31.14453125 [ 6 0 ] [ 68 0 ] [ 28 60 ] ] # $
[ 49.79296875 [ 6 0 ] [ 100 0 ] [ 47 60 ] ] # %
[ 37.3515625 [ 7 0 ] [ 151 0 ] [ 33 60 ] ] # &
[ 10.69140625 [ 8 0 ] [ 188 0 ] [ 6 60 ] ] # '
[ 18.6484375 [ 8 0 ] [ 198 0 ] [ 13 60 ] ] # (
[ 18.6484375 [ 6 0 ] [ 215 0 ] [ 13 60 ] ] # )
[ 21.79296875 [ 6 0 ] [ 232 0 ] [ 18 60 ] ] # *
[ 32.703125 [ 7 0 ] [ 254 0 ] [ 28 60 ] ] # +
[ 15.55859375 [ 9 0 ] [ 286 0 ] [ 7 60 ] ] # ,
[ 18.6484375 [ 7 0 ] [ 297 0 ] [ 14 60 ] ] # -
[ 15.55859375 [ 9 0 ] [ 315 0 ] [ 6 60 ] ] # .
[ 15.55859375 [ 4 0 ] [ 325 0 ] [ 17 60 ] ] # /
[ 31.14453125 [ 6 0 ] [ 346 0 ] [ 27 60 ] ] # 0
[ 31.14453125 [ 10 0 ] [ 377 0 ] [ 14 60 ] ] # 1
[ 31.14453125 [ 6 0 ] [ 395 0 ] [ 27 60 ] ] # 2
[ 31.14453125 [ 6 0 ] [ 426 0 ] [ 27 60 ] ] # 3
[ 31.14453125 [ 6 0 ] [ 457 0 ] [ 28 60 ] ] # 4
[ 31.14453125 [ 6 0 ] [ 2 60 ] [ 28 60 ] ] # 5
[ 31.14453125 [ 6 0 ] [ 34 60 ] [ 28 60 ] ] # 6
[ 31.14453125 [ 7 0 ] [ 66 60 ] [ 27 60 ] ] # 7
[ 31.14453125 [ 6 0 ] [ 97 60 ] [ 28 60 ] ] # 8
[ 31.14453125 [ 6 0 ] [ 129 60 ] [ 27 60 ] ] # 9
[ 15.55859375 [ 10 0 ] [ 160 60 ] [ 7 60 ] ] # :
[ 15.55859375 [ 10 0 ] [ 171 60 ] [ 7 60 ] ] # ;
[ 32.703125 [ 7 0 ] [ 182 60 ] [ 28 60 ] ] # <
[ 32.703125 [ 7 0 ] [ 214 60 ] [ 28 60 ] ] # =
[ 32.703125 [ 7 0 ] [ 246 60 ] [ 28 60 ] ] # >
[ 31.14453125 [ 8 0 ] [ 278 60 ] [ 25 60 ] ] # ?
[ 56.84765625 [ 6 0 ] [ 307 60 ] [ 52 60 ] ] # @
[ 37.3515625 [ 5 0 ] [ 363 60 ] [ 36 60 ] ] # A
[ 37.3515625 [ 8 0 ] [ 403 60 ] [ 32 60 ] ] # B
[ 40.44140625 [ 7 0 ] [ 439 60 ] [ 36 60 ] ] # C
[ 40.44140625 [ 9 0 ] [ 2 120 ] [ 33 60 ] ] # D
[ 37.3515625 [ 9 0 ] [ 39 120 ] [ 30 60 ] ] # E
[ 34.20703125 [ 9 0 ] [ 73 120 ] [ 28 60 ] ] # F
[ 43.55859375 [ 6 0 ] [ 105 120 ] [ 39 60 ] ] # G
[ 40.44140625 [ 9 0 ] [ 148 120 ] [ 32 60 ] ] # H
[ 15.55859375 [ 10 0 ] [ 184 120 ] [ 6 60 ] ] # I
[ 28.0 [ 5 0 ] [ 194 120 ] [ 24 60 ] ] # J
[ 37.3515625 [ 8 0 ] [ 222 120 ] [ 34 60 ] ] # K
[ 31.14453125 [ 8 0 ] [ 260 120 ] [ 27 60 ] ] # L
[ 46.6484375 [ 8 0 ] [ 291 120 ] [ 39 60 ] ] # M
[ 40.44140625 [ 8 0 ] [ 334 120 ] [ 33 60 ] ] # N
[ 43.55859375 [ 6 0 ] [ 371 120 ] [ 40 60 ] ] # O
[ 37.3515625 [ 9 0 ] [ 415 120 ] [ 30 60 ] ] # P
[ 43.55859375 [ 6 0 ] [ 449 120 ] [ 40 60 ] ] # Q
[ 40.44140625 [ 9 0 ] [ 2 180 ] [ 34 60 ] ] # R
[ 37.3515625 [ 7 0 ] [ 40 180 ] [ 33 60 ] ] # S
[ 34.20703125 [ 5 0 ] [ 77 180 ] [ 33 60 ] ] # T
[ 40.44140625 [ 9 0 ] [ 114 180 ] [ 32 60 ] ] # U
[ 37.3515625 [ 6 0 ] [ 150 180 ] [ 35 60 ] ] # V
[ 52.85546875 [ 5 0 ] [ 189 180 ] [ 52 60 ] ] # W
[ 37.3515625 [ 5 0 ] [ 245 180 ] [ 36 60 ] ] # X
[ 37.3515625 [ 5 0 ] [ 285 180 ] [ 37 60 ] ] # Y
[ 34.20703125 [ 6 0 ] [ 326 180 ] [ 31 60 ] ] # Z
[ 15.55859375 [ 8 0 ] [ 361 180 ] [ 11 60 ] ] # [
[ 15.55859375 [ 4 0 ] [ 376 180 ] [ 17 60 ] ] # \
[ 15.55859375 [ 5 0 ] [ 397 180 ] [ 11 60 ] ] # ]
[ 26.27734375 [ 6 0 ] [ 412 180 ] [ 23 60 ] ] # ^
[ 31.14453125 [ 3 0 ] [ 439 180 ] [ 34 60 ] ] # _
[ 18.6484375 [ 8 0 ] [ 477 180 ] [ 6 60 ] ] # `
[ 31.14453125 [ 6 0 ] [ 2 240 ] [ 29 60 ] ] # a
[ 31.14453125 [ 7 0 ] [ 35 240 ] [ 27 60 ] ] # b
[ 28.0 [ 6 0 ] [ 66 240 ] [ 25 60 ] ] # c
[ 31.14453125 [ 5 0 ] [ 95 240 ] [ 27 60 ] ] # d
[ 31.14453125 [ 6 0 ] [ 126 240 ] [ 28 60 ] ] # e
[ 15.55859375 [ 5 0 ] [ 158 240 ] [ 14 60 ] ] # f
[ 31.14453125 [ 6 0 ] [ 176 240 ] [ 26 60 ] ] # g
[ 31.14453125 [ 8 0 ] [ 206 240 ] [ 24 60 ] ] # h
[ 12.44140625 [ 8 0 ] [ 234 240 ] [ 5 60 ] ] # i
[ 12.44140625 [ 3 0 ] [ 243 240 ] [ 10 60 ] ] # j
[ 28.0 [ 7 0 ] [ 257 240 ] [ 26 60 ] ] # k
[ 12.44140625 [ 8 0 ] [ 287 240 ] [ 5 60 ] ] # l
[ 46.6484375 [ 8 0 ] [ 296 240 ] [ 40 60 ] ] # m
[ 31.14453125 [ 8 0 ] [ 340 240 ] [ 24 60 ] ] # n
[ 31.14453125 [ 6 0 ] [ 368 240 ] [ 27 60 ] ] # o
[ 31.14453125 [ 7 0 ] [ 399 240 ] [ 27 60 ] ] # p
[ 31.14453125 [ 5 0 ] [ 430 240 ] [ 27 60 ] ] # q
[ 18.6484375 [ 8 0 ] [ 461 240 ] [ 15 60 ] ] # r
[ 28.0 [ 6 0 ] [ 480 240 ] [ 24 60 ] ] # s
[ 15.55859375 [ 5 0 ] [ 2 300 ] [ 14 60 ] ] # t
[ 31.14453125 [ 8 0 ] [ 20 300 ] [ 24 60 ] ] # u
[ 28.0 [ 5 0 ] [ 48 300 ] [ 27 60 ] ] # v
[ 40.44140625 [ 4 0 ] [ 79 300 ] [ 40 60 ] ] # w
[ 28.0 [ 5 0 ] [ 123 300 ] [ 26 60 ] ] # x
[ 28.0 [ 5 0 ] [ 153 300 ] [ 27 60 ] ] # y
[ 28.0 [ 6 0 ] [ 184 300 ] [ 24 60 ] ] # z
[ 18.703125 [ 6 0 ] [ 212 300 ] [ 14 60 ] ] # {
[ 14.546875 [ 10 0 ] [ 230 300 ] [ 4 60 ] ] # |
[ 18.703125 [ 6 0 ] [ 238 300 ] [ 13 60 ] ] # }
[ 32.703125 [ 8 0 ] [ 255 300 ] [ 25 60 ] ] # ~
[ 21.80117187 [ 0 0 ] [ 284 300 ] [ 0 60 ] ] # 
