[ 2.0 [ 0 0 ] [ 2 0 ] [ 0 24 ] ] #  
[ 5.0 [ 7 0 ] [ 6 0 ] [ 3 24 ] ] # !
[ 15.0 [ 5 0 ] [ 13 0 ] [ 13 24 ] ] # "
[ 12.0 [ 4 0 ] [ 30 0 ] [ 10 24 ] ] # #
[ 12.0 [ 4 0 ] [ 44 0 ] [ 10 24 ] ] # $
[ 17.0 [ 5 0 ] [ 58 0 ] [ 15 24 ] ] # %
[ 17.0 [ 5 0 ] [ 77 0 ] [ 15 24 ] ] # &
[ 10.0 [ 5 0 ] [ 96 0 ] [ 8 24 ] ] # '
[ 8.0 [ 5 0 ] [ 108 0 ] [ 6 24 ] ] # (
[ 7.0 [ 5 0 ] [ 118 0 ] [ 5 24 ] ] # )
[ 10.0 [ 5 0 ] [ 127 0 ] [ 8 24 ] ] # *
[ 14.0 [ 4 0 ] [ 139 0 ] [ 12 24 ] ] # +
[ 6.0 [ 5 0 ] [ 155 0 ] [ 4 24 ] ] # ,
[ 13.0 [ 4 0 ] [ 163 0 ] [ 11 24 ] ] # -
[ 5.0 [ 5 0 ] [ 178 0 ] [ 3 24 ] ] # .
[ 8.0 [ 4 0 ] [ 185 0 ] [ 6 24 ] ] # /
[ 12.0 [ 4 0 ] [ 195 0 ] [ 10 24 ] ] # 0
[ 9.0 [ 6 0 ] [ 209 0 ] [ 7 24 ] ] # 1
[ 12.0 [ 4 0 ] [ 220 0 ] [ 10 24 ] ] # 2
[ 11.0 [ 5 0 ] [ 234 0 ] [ 9 24 ] ] # 3
[ 12.0 [ 4 0 ] [ 2 24 ] [ 10 24 ] ] # 4
[ 11.0 [ 5 0 ] [ 16 24 ] [ 9 24 ] ] # 5
[ 11.0 [ 5 0 ] [ 29 24 ] [ 9 24 ] ] # 6
[ 11.0 [ 5 0 ] [ 42 24 ] [ 9 24 ] ] # 7
[ 11.0 [ 5 0 ] [ 55 24 ] [ 9 24 ] ] # 8
[ 11.0 [ 5 0 ] [ 68 24 ] [ 9 24 ] ] # 9
[ 5.0 [ 6 0 ] [ 81 24 ] [ 3 24 ] ] # :
[ 5.0 [ 6 0 ] [ 88 24 ] [ 3 24 ] ] # ;
[ 12.0 [ 5 0 ] [ 95 24 ] [ 10 24 ] ] # <
[ 14.0 [ 4 0 ] [ 109 24 ] [ 12 24 ] ] # =
[ 12.0 [ 5 0 ] [ 125 24 ] [ 10 24 ] ] # >
[ 10.0 [ 5 0 ] [ 139 24 ] [ 8 24 ] ] # ?
[ 14.0 [ 4 0 ] [ 151 24 ] [ 12 24 ] ] # @
[ 16.0 [ 4 0 ] [ 167 24 ] [ 14 24 ] ] # A
[ 14.0 [ 5 0 ] [ 185 24 ] [ 12 24 ] ] # B
[ 17.0 [ 4 0 ] [ 201 24 ] [ 15 24 ] ] # C
[ 15.0 [ 4 0 ] [ 220 24 ] [ 13 24 ] ] # D
[ 14.0 [ 5 0 ] [ 237 24 ] [ 12 24 ] ] # E
[ 17.0 [ 5 0 ] [ 2 48 ] [ 15 24 ] ] # F
[ 15.0 [ 4 0 ] [ 21 48 ] [ 13 24 ] ] # G
[ 16.0 [ 5 0 ] [ 38 48 ] [ 14 24 ] ] # H
[ 8.0 [ 5 0 ] [ 56 48 ] [ 6 24 ] ] # I
[ 15.0 [ 4 0 ] [ 66 48 ] [ 13 24 ] ] # J
[ 16.0 [ 5 0 ] [ 83 48 ] [ 14 24 ] ] # K
[ 16.0 [ 4 0 ] [ 101 48 ] [ 14 24 ] ] # L
[ 20.0 [ 5 0 ] [ 119 48 ] [ 18 24 ] ] # M
[ 16.0 [ 5 0 ] [ 141 48 ] [ 14 24 ] ] # N
[ 16.0 [ 5 0 ] [ 159 48 ] [ 14 24 ] ] # O
[ 18.0 [ 4 0 ] [ 177 48 ] [ 16 24 ] ] # P
[ 16.0 [ 5 0 ] [ 197 48 ] [ 14 24 ] ] # Q
[ 13.0 [ 5 0 ] [ 215 48 ] [ 11 24 ] ] # R
[ 15.0 [ 4 0 ] [ 230 48 ] [ 13 24 ] ] # S
[ 14.0 [ 5 0 ] [ 2 72 ] [ 12 24 ] ] # T
[ 17.0 [ 4 0 ] [ 18 72 ] [ 15 24 ] ] # U
[ 10.0 [ 5 0 ] [ 37 72 ] [ 8 24 ] ] # V
[ 17.0 [ 5 0 ] [ 49 72 ] [ 15 24 ] ] # W
[ 14.0 [ 5 0 ] [ 68 72 ] [ 12 24 ] ] # X
[ 18.0 [ 4 0 ] [ 84 72 ] [ 16 24 ] ] # Y
[ 14.0 [ 5 0 ] [ 104 72 ] [ 12 24 ] ] # Z
[ 7.0 [ 6 0 ] [ 120 72 ] [ 5 24 ] ] # [
[ 14.0 [ 7 0 ] [ 129 72 ] [ 12 24 ] ] # \
[ 7.0 [ 5 0 ] [ 145 72 ] [ 5 24 ] ] # ]
[ 16.0 [ 4 0 ] [ 154 72 ] [ 14 24 ] ] # ^
[ 13.0 [ 4 0 ] [ 172 72 ] [ 11 24 ] ] # _
[ 2.0 [ 0 0 ] [ 187 72 ] [ 0 24 ] ] # `
[ 14.0 [ 5 0 ] [ 191 72 ] [ 12 24 ] ] # a
[ 12.0 [ 5 0 ] [ 207 72 ] [ 10 24 ] ] # b
[ 13.0 [ 4 0 ] [ 221 72 ] [ 11 24 ] ] # c
[ 11.0 [ 5 0 ] [ 236 72 ] [ 9 24 ] ] # d
[ 11.0 [ 4 0 ] [ 2 96 ] [ 9 24 ] ] # e
[ 13.0 [ 4 0 ] [ 15 96 ] [ 11 24 ] ] # f
[ 12.0 [ 4 0 ] [ 30 96 ] [ 10 24 ] ] # g
[ 13.0 [ 4 0 ] [ 44 96 ] [ 11 24 ] ] # h
[ 9.0 [ 4 0 ] [ 59 96 ] [ 7 24 ] ] # i
[ 14.0 [ 5 0 ] [ 70 96 ] [ 12 24 ] ] # j
[ 13.0 [ 5 0 ] [ 86 96 ] [ 11 24 ] ] # k
[ 14.0 [ 4 0 ] [ 101 96 ] [ 12 24 ] ] # l
[ 13.0 [ 5 0 ] [ 117 96 ] [ 11 24 ] ] # m
[ 12.0 [ 4 0 ] [ 132 96 ] [ 10 24 ] ] # n
[ 12.0 [ 5 0 ] [ 146 96 ] [ 10 24 ] ] # o
[ 13.0 [ 4 0 ] [ 160 96 ] [ 11 24 ] ] # p
[ 11.0 [ 5 0 ] [ 175 96 ] [ 9 24 ] ] # q
[ 12.0 [ 5 0 ] [ 188 96 ] [ 10 24 ] ] # r
[ 14.0 [ 5 0 ] [ 202 96 ] [ 12 24 ] ] # s
[ 11.0 [ 4 0 ] [ 218 96 ] [ 9 24 ] ] # t
[ 13.0 [ 4 0 ] [ 231 96 ] [ 11 24 ] ] # u
[ 16.0 [ 4 0 ] [ 2 120 ] [ 14 24 ] ] # v
[ 15.0 [ 5 0 ] [ 20 120 ] [ 13 24 ] ] # w
[ 11.0 [ 5 0 ] [ 37 120 ] [ 9 24 ] ] # x
[ 17.0 [ 4 0 ] [ 50 120 ] [ 15 24 ] ] # y
[ 11.0 [ 5 0 ] [ 69 120 ] [ 9 24 ] ] # z
[ 10.0 [ 5 0 ] [ 82 120 ] [ 8 24 ] ] # {
[ 5.0 [ 5 0 ] [ 94 120 ] [ 3 24 ] ] # |
[ 9.0 [ 6 0 ] [ 101 120 ] [ 7 24 ] ] # }
[ 13.0 [ 4 0 ] [ 112 120 ] [ 11 24 ] ] # ~
[ 2.0 [ 0 0 ] [ 127 120 ] [ 0 24 ] ] # 
[ 2.0 [ 0 0 ] [ 131 120 ] [ 0 24 ] ] # Ä
[ 2.0 [ 0 0 ] [ 135 120 ] [ 0 24 ] ] # Å
[ 2.0 [ 0 0 ] [ 139 120 ] [ 0 24 ] ] # Ç
[ 2.0 [ 0 0 ] [ 143 120 ] [ 0 24 ] ] # É
[ 2.0 [ 0 0 ] [ 147 120 ] [ 0 24 ] ] # Ñ
[ 2.0 [ 0 0 ] [ 151 120 ] [ 0 24 ] ] # Ö
[ 2.0 [ 0 0 ] [ 155 120 ] [ 0 24 ] ] # Ü
[ 2.0 [ 0 0 ] [ 159 120 ] [ 0 24 ] ] # á
[ 2.0 [ 0 0 ] [ 163 120 ] [ 0 24 ] ] # à
[ 2.0 [ 0 0 ] [ 167 120 ] [ 0 24 ] ] # â
[ 2.0 [ 0 0 ] [ 171 120 ] [ 0 24 ] ] # ä
[ 2.0 [ 0 0 ] [ 175 120 ] [ 0 24 ] ] # ã
[ 2.0 [ 0 0 ] [ 179 120 ] [ 0 24 ] ] # å
[ 2.0 [ 0 0 ] [ 183 120 ] [ 0 24 ] ] # ç
[ 2.0 [ 0 0 ] [ 187 120 ] [ 0 24 ] ] # é
[ 2.0 [ 0 0 ] [ 191 120 ] [ 0 24 ] ] # è
[ 2.0 [ 0 0 ] [ 195 120 ] [ 0 24 ] ] # ê
[ 2.0 [ 0 0 ] [ 199 120 ] [ 0 24 ] ] # ë
[ 2.0 [ 0 0 ] [ 203 120 ] [ 0 24 ] ] # í
[ 2.0 [ 0 0 ] [ 207 120 ] [ 0 24 ] ] # ì
[ 2.0 [ 0 0 ] [ 211 120 ] [ 0 24 ] ] # î
[ 2.0 [ 0 0 ] [ 215 120 ] [ 0 24 ] ] # ï
[ 2.0 [ 0 0 ] [ 219 120 ] [ 0 24 ] ] # ñ
[ 2.0 [ 0 0 ] [ 223 120 ] [ 0 24 ] ] # ó
[ 2.0 [ 0 0 ] [ 227 120 ] [ 0 24 ] ] # ò
[ 2.0 [ 0 0 ] [ 231 120 ] [ 0 24 ] ] # ô
[ 2.0 [ 0 0 ] [ 235 120 ] [ 0 24 ] ] # ö
[ 2.0 [ 0 0 ] [ 239 120 ] [ 0 24 ] ] # õ
[ 2.0 [ 0 0 ] [ 243 120 ] [ 0 24 ] ] # ú
[ 2.0 [ 0 0 ] [ 247 120 ] [ 0 24 ] ] # ù
[ 2.0 [ 0 0 ] [ 251 120 ] [ 0 24 ] ] # û
[ 2.0 [ 0 0 ] [ 2 144 ] [ 0 24 ] ] # ü
[ 16.0 [ 5 0 ] [ 6 144 ] [ 14 24 ] ] # †
[ 15.0 [ 4 0 ] [ 24 144 ] [ 13 24 ] ] # °
[ 6.0 [ 5 0 ] [ 41 144 ] [ 4 24 ] ] # ¢
[ 12.0 [ 5 0 ] [ 49 144 ] [ 10 24 ] ] # £
[ 14.0 [ 0 0 ] [ 63 144 ] [ 12 24 ] ] # §
[ 16.0 [ 5 0 ] [ 79 144 ] [ 14 24 ] ] # •
[ 13.0 [ 4 0 ] [ 97 144 ] [ 11 24 ] ] # ¶
[ 14.0 [ 6 0 ] [ 112 144 ] [ 12 24 ] ] # ß
[ 12.0 [ 7 0 ] [ 128 144 ] [ 10 24 ] ] # ®
[ 13.0 [ 6 0 ] [ 142 144 ] [ 11 24 ] ] # ©
[ 13.0 [ 6 0 ] [ 157 144 ] [ 11 24 ] ] # ™
[ 22.0 [ 5 0 ] [ 172 144 ] [ 20 24 ] ] # ´
[ 21.0 [ 5 0 ] [ 196 144 ] [ 19 24 ] ] # ¨
[ 13.0 [ 5 0 ] [ 219 144 ] [ 11 24 ] ] # ≠
[ 21.0 [ 5 0 ] [ 234 144 ] [ 19 24 ] ] # Æ
[ 13.0 [ 5 0 ] [ 2 168 ] [ 11 24 ] ] # Ø
[ 9.0 [ 5 0 ] [ 17 168 ] [ 7 24 ] ] # ∞
[ 14.0 [ 4 0 ] [ 28 168 ] [ 12 24 ] ] # ±
[ 11.0 [ 4 0 ] [ 44 168 ] [ 9 24 ] ] # ≤
[ 12.0 [ 5 0 ] [ 57 168 ] [ 10 24 ] ] # ≥
[ 13.0 [ 4 0 ] [ 71 168 ] [ 11 24 ] ] # ¥
[ 15.0 [ 5 0 ] [ 86 168 ] [ 13 24 ] ] # µ
[ 12.0 [ 4 0 ] [ 103 168 ] [ 10 24 ] ] # ∂
[ 10.0 [ 5 0 ] [ 117 168 ] [ 8 24 ] ] # ∑
[ 14.0 [ 4 0 ] [ 129 168 ] [ 12 24 ] ] # ∏
[ 14.0 [ 4 0 ] [ 145 168 ] [ 12 24 ] ] # π
[ 14.0 [ 4 0 ] [ 161 168 ] [ 12 24 ] ] # ∫
[ 13.0 [ 4 0 ] [ 177 168 ] [ 11 24 ] ] # ª
[ 19.0 [ 6 0 ] [ 192 168 ] [ 17 24 ] ] # º
[ 4.0 [ 10 0 ] [ 213 168 ] [ 2 24 ] ] # Ω
[ 25.0 [ 3 0 ] [ 219 168 ] [ 23 24 ] ] # æ
[ 15.0 [ 4 0 ] [ 2 192 ] [ 13 24 ] ] # ø
[ 13.0 [ 7 0 ] [ 19 192 ] [ 11 24 ] ] # ¿
[ 14.0 [ 4 0 ] [ 34 192 ] [ 12 24 ] ] # ¡
[ 18.0 [ 4 0 ] [ 50 192 ] [ 16 24 ] ] # ¬
[ 17.0 [ 7 0 ] [ 70 192 ] [ 15 24 ] ] # √
[ 17.0 [ 5 0 ] [ 89 192 ] [ 15 24 ] ] # ƒ
[ 16.0 [ 5 0 ] [ 108 192 ] [ 14 24 ] ] # ≈
[ 17.0 [ 5 0 ] [ 126 192 ] [ 15 24 ] ] # ∆
[ 16.0 [ 5 0 ] [ 145 192 ] [ 14 24 ] ] # «
[ 16.0 [ 5 0 ] [ 163 192 ] [ 14 24 ] ] # »
[ 16.0 [ 4 0 ] [ 181 192 ] [ 14 24 ] ] # …
[ 16.0 [ 4 0 ] [ 199 192 ] [ 14 24 ] ] #  
[ 16.0 [ 5 0 ] [ 217 192 ] [ 14 24 ] ] # À
[ 16.0 [ 5 0 ] [ 235 192 ] [ 14 24 ] ] # Ã
[ 16.0 [ 5 0 ] [ 2 216 ] [ 14 24 ] ] # Õ
[ 12.0 [ 5 0 ] [ 20 216 ] [ 10 24 ] ] # Œ
[ 12.0 [ 5 0 ] [ 34 216 ] [ 10 24 ] ] # œ
[ 16.0 [ 5 0 ] [ 48 216 ] [ 14 24 ] ] # –
[ 15.0 [ 5 0 ] [ 66 216 ] [ 13 24 ] ] # —
[ 17.0 [ 5 0 ] [ 83 216 ] [ 15 24 ] ] # “
[ 17.0 [ 5 0 ] [ 102 216 ] [ 15 24 ] ] # ”
[ 20.0 [ 4 0 ] [ 121 216 ] [ 18 24 ] ] # ‘
[ 19.0 [ 4 0 ] [ 143 216 ] [ 17 24 ] ] # ’
[ 13.0 [ 4 0 ] [ 164 216 ] [ 11 24 ] ] # ÷
[ 5.0 [ 5 0 ] [ 179 216 ] [ 3 24 ] ] # ◊
[ 16.0 [ 4 0 ] [ 186 216 ] [ 14 24 ] ] # ÿ
[ 13.0 [ 5 0 ] [ 204 216 ] [ 11 24 ] ] # Ÿ
[ 13.0 [ 5 0 ] [ 219 216 ] [ 11 24 ] ] # ⁄
[ 22.0 [ 5 0 ] [ 234 216 ] [ 20 24 ] ] # €
[ 21.0 [ 5 0 ] [ 2 240 ] [ 19 24 ] ] # ‹
[ 13.0 [ 5 0 ] [ 25 240 ] [ 11 24 ] ] # ›
[ 21.0 [ 5 0 ] [ 40 240 ] [ 19 24 ] ] # ﬁ
[ 13.0 [ 5 0 ] [ 63 240 ] [ 11 24 ] ] # ﬂ
[ 12.0 [ 4 0 ] [ 78 240 ] [ 10 24 ] ] # ‡
[ 8.0 [ 5 0 ] [ 92 240 ] [ 6 24 ] ] # ·
[ 17.0 [ 5 0 ] [ 102 240 ] [ 15 24 ] ] # ‚
[ 17.0 [ 5 0 ] [ 121 240 ] [ 15 24 ] ] # „
[ 17.0 [ 4 0 ] [ 140 240 ] [ 15 24 ] ] # ‰
[ 17.0 [ 4 0 ] [ 159 240 ] [ 15 24 ] ] # Â
[ 8.0 [ 5 0 ] [ 178 240 ] [ 6 24 ] ] # Ê
[ 4.0 [ 5 0 ] [ 188 240 ] [ 2 24 ] ] # Á
[ 10.0 [ 5 0 ] [ 194 240 ] [ 8 24 ] ] # Ë
[ 4.0 [ 4 0 ] [ 206 240 ] [ 2 24 ] ] # È
[ 4.0 [ 4 0 ] [ 212 240 ] [ 2 24 ] ] # Í
[ 10.0 [ 4 0 ] [ 218 240 ] [ 8 24 ] ] # Î
[ 4.0 [ 8 0 ] [ 230 240 ] [ 2 24 ] ] # Ï
[ 8.0 [ 4 0 ] [ 236 240 ] [ 6 24 ] ] # Ì
[ 8.0 [ 8 0 ] [ 246 240 ] [ 6 24 ] ] # Ó
[ 4.0 [ 8 0 ] [ 2 264 ] [ 2 24 ] ] # Ô
[ 2.0 [ 0 0 ] [ 8 264 ] [ 0 24 ] ] # 
[ 9.0 [ 4 0 ] [ 12 264 ] [ 7 24 ] ] # Ò
[ 6.0 [ 4 0 ] [ 23 264 ] [ 4 24 ] ] # Ú
[ 10.0 [ 11 0 ] [ 31 264 ] [ 8 24 ] ] # Û
[ 4.0 [ 11 0 ] [ 43 264 ] [ 2 24 ] ] # Ù
[ 10.0 [ 5 0 ] [ 49 264 ] [ 8 24 ] ] # ı
[ 8.0 [ 8 0 ] [ 61 264 ] [ 6 24 ] ] # ˆ
[ 4.0 [ 12 0 ] [ 71 264 ] [ 2 24 ] ] # ˜
[ 11.0 [ 5 0 ] [ 77 264 ] [ 9 24 ] ] # ¯
[ 4.0 [ 10 0 ] [ 90 264 ] [ 2 24 ] ] # ˘
[ 4.0 [ 10 0 ] [ 96 264 ] [ 2 24 ] ] # ˙
[ 10.0 [ 4 0 ] [ 102 264 ] [ 8 24 ] ] # ˚
[ 5.0 [ 7 0 ] [ 114 264 ] [ 3 24 ] ] # ¸
[ 8.0 [ 8 0 ] [ 121 264 ] [ 6 24 ] ] # ˝
[ 8.0 [ 4 0 ] [ 131 264 ] [ 6 24 ] ] # ˛
[ 2.0 [ 0 0 ] [ 141 264 ] [ 0 24 ] ] # ˇ
