[ 14.01503906 [ 0 0 ] [ 2 0 ] [ 0 40 ] ] #  
[ 10.00195312 [ 8 0 ] [ 6 0 ] [ 4 40 ] ] # !
[ 12.77929688 [ 6 0 ] [ 14 0 ] [ 10 40 ] ] # "
[ 20.02148438 [ 5 0 ] [ 28 0 ] [ 19 40 ] ] # #
[ 20.02148438 [ 5 0 ] [ 51 0 ] [ 18 40 ] ] # $
[ 32.00976562 [ 5 0 ] [ 73 0 ] [ 31 40 ] ] # %
[ 24.01171875 [ 6 0 ] [ 108 0 ] [ 22 40 ] ] # &
[ 6.873046875 [ 6 0 ] [ 134 0 ] [ 4 40 ] ] # '
[ 11.98828125 [ 7 0 ] [ 142 0 ] [ 8 40 ] ] # (
[ 11.98828125 [ 5 0 ] [ 154 0 ] [ 9 40 ] ] # )
[ 14.00976562 [ 5 0 ] [ 167 0 ] [ 12 40 ] ] # *
[ 21.0234375 [ 6 0 ] [ 183 0 ] [ 18 40 ] ] # +
[ 10.00195312 [ 7 0 ] [ 205 0 ] [ 5 40 ] ] # ,
[ 11.98828125 [ 6 0 ] [ 214 0 ] [ 9 40 ] ] # -
[ 10.00195312 [ 7 0 ] [ 227 0 ] [ 5 40 ] ] # .
[ 10.00195312 [ 4 0 ] [ 236 0 ] [ 11 40 ] ] # /
[ 20.02148438 [ 6 0 ] [ 251 0 ] [ 17 40 ] ] # 0
[ 20.02148438 [ 8 0 ] [ 272 0 ] [ 9 40 ] ] # 1
[ 20.02148438 [ 5 0 ] [ 285 0 ] [ 18 40 ] ] # 2
[ 20.02148438 [ 5 0 ] [ 307 0 ] [ 18 40 ] ] # 3
[ 20.02148438 [ 5 0 ] [ 329 0 ] [ 19 40 ] ] # 4
[ 20.02148438 [ 5 0 ] [ 352 0 ] [ 18 40 ] ] # 5
[ 20.02148438 [ 6 0 ] [ 374 0 ] [ 17 40 ] ] # 6
[ 20.02148438 [ 6 0 ] [ 395 0 ] [ 18 40 ] ] # 7
[ 20.02148438 [ 5 0 ] [ 417 0 ] [ 18 40 ] ] # 8
[ 20.02148438 [ 5 0 ] [ 439 0 ] [ 18 40 ] ] # 9
[ 10.00195312 [ 8 0 ] [ 461 0 ] [ 5 40 ] ] # :
[ 10.00195312 [ 8 0 ] [ 470 0 ] [ 5 40 ] ] # ;
[ 21.0234375 [ 6 0 ] [ 479 0 ] [ 18 40 ] ] # <
[ 21.0234375 [ 6 0 ] [ 2 40 ] [ 18 40 ] ] # =
[ 21.0234375 [ 6 0 ] [ 24 40 ] [ 18 40 ] ] # >
[ 20.02148438 [ 7 0 ] [ 46 40 ] [ 16 40 ] ] # ?
[ 36.54492188 [ 5 0 ] [ 66 40 ] [ 34 40 ] ] # @
[ 24.01171875 [ 5 0 ] [ 104 40 ] [ 23 40 ] ] # A
[ 24.01171875 [ 7 0 ] [ 131 40 ] [ 20 40 ] ] # B
[ 25.99804688 [ 6 0 ] [ 155 40 ] [ 23 40 ] ] # C
[ 25.99804688 [ 7 0 ] [ 182 40 ] [ 22 40 ] ] # D
[ 24.01171875 [ 7 0 ] [ 208 40 ] [ 20 40 ] ] # E
[ 21.99023438 [ 7 0 ] [ 232 40 ] [ 19 40 ] ] # F
[ 28.00195312 [ 6 0 ] [ 255 40 ] [ 24 40 ] ] # G
[ 25.99804688 [ 7 0 ] [ 283 40 ] [ 21 40 ] ] # H
[ 10.00195312 [ 8 0 ] [ 308 40 ] [ 4 40 ] ] # I
[ 18.0 [ 5 0 ] [ 316 40 ] [ 15 40 ] ] # J
[ 24.01171875 [ 7 0 ] [ 335 40 ] [ 21 40 ] ] # K
[ 20.02148438 [ 7 0 ] [ 360 40 ] [ 17 40 ] ] # L
[ 29.98828125 [ 7 0 ] [ 381 40 ] [ 25 40 ] ] # M
[ 25.99804688 [ 7 0 ] [ 410 40 ] [ 21 40 ] ] # N
[ 28.00195312 [ 5 0 ] [ 435 40 ] [ 27 40 ] ] # O
[ 24.01171875 [ 7 0 ] [ 466 40 ] [ 20 40 ] ] # P
[ 28.00195312 [ 5 0 ] [ 2 80 ] [ 27 40 ] ] # Q
[ 25.99804688 [ 7 0 ] [ 33 80 ] [ 22 40 ] ] # R
[ 24.01171875 [ 6 0 ] [ 59 80 ] [ 21 40 ] ] # S
[ 21.99023438 [ 5 0 ] [ 84 80 ] [ 21 40 ] ] # T
[ 25.99804688 [ 7 0 ] [ 109 80 ] [ 21 40 ] ] # U
[ 24.01171875 [ 5 0 ] [ 134 80 ] [ 23 40 ] ] # V
[ 33.97851562 [ 5 0 ] [ 161 80 ] [ 33 40 ] ] # W
[ 24.01171875 [ 5 0 ] [ 198 80 ] [ 23 40 ] ] # X
[ 24.01171875 [ 5 0 ] [ 225 80 ] [ 24 40 ] ] # Y
[ 21.99023438 [ 5 0 ] [ 253 80 ] [ 21 40 ] ] # Z
[ 10.00195312 [ 6 0 ] [ 278 80 ] [ 8 40 ] ] # [
[ 10.00195312 [ 4 0 ] [ 290 80 ] [ 11 40 ] ] # \
[ 10.00195312 [ 5 0 ] [ 305 80 ] [ 7 40 ] ] # ]
[ 16.89257812 [ 6 0 ] [ 316 80 ] [ 14 40 ] ] # ^
[ 20.02148438 [ 3 0 ] [ 334 80 ] [ 23 40 ] ] # _
[ 11.98828125 [ 6 0 ] [ 361 80 ] [ 5 40 ] ] # `
[ 20.02148438 [ 6 0 ] [ 370 80 ] [ 18 40 ] ] # a
[ 20.02148438 [ 6 0 ] [ 392 80 ] [ 18 40 ] ] # b
[ 18.0 [ 5 0 ] [ 414 80 ] [ 17 40 ] ] # c
[ 20.02148438 [ 5 0 ] [ 435 80 ] [ 18 40 ] ] # d
[ 20.02148438 [ 5 0 ] [ 457 80 ] [ 18 40 ] ] # e
[ 10.00195312 [ 5 0 ] [ 479 80 ] [ 9 40 ] ] # f
[ 20.02148438 [ 5 0 ] [ 492 80 ] [ 17 40 ] ] # g
[ 20.02148438 [ 7 0 ] [ 2 120 ] [ 15 40 ] ] # h
[ 7.998046875 [ 6 0 ] [ 21 120 ] [ 4 40 ] ] # i
[ 7.998046875 [ 3 0 ] [ 29 120 ] [ 7 40 ] ] # j
[ 18.0 [ 6 0 ] [ 40 120 ] [ 17 40 ] ] # k
[ 7.998046875 [ 6 0 ] [ 61 120 ] [ 4 40 ] ] # l
[ 29.98828125 [ 7 0 ] [ 69 120 ] [ 25 40 ] ] # m
[ 20.02148438 [ 7 0 ] [ 98 120 ] [ 15 40 ] ] # n
[ 20.02148438 [ 5 0 ] [ 117 120 ] [ 18 40 ] ] # o
[ 20.02148438 [ 6 0 ] [ 139 120 ] [ 18 40 ] ] # p
[ 20.02148438 [ 5 0 ] [ 161 120 ] [ 18 40 ] ] # q
[ 11.98828125 [ 6 0 ] [ 183 120 ] [ 10 40 ] ] # r
[ 18.0 [ 5 0 ] [ 197 120 ] [ 16 40 ] ] # s
[ 10.00195312 [ 5 0 ] [ 217 120 ] [ 9 40 ] ] # t
[ 20.02148438 [ 6 0 ] [ 230 120 ] [ 16 40 ] ] # u
[ 18.0 [ 4 0 ] [ 250 120 ] [ 18 40 ] ] # v
[ 25.99804688 [ 4 0 ] [ 272 120 ] [ 26 40 ] ] # w
[ 18.0 [ 5 0 ] [ 302 120 ] [ 17 40 ] ] # x
[ 18.0 [ 5 0 ] [ 323 120 ] [ 17 40 ] ] # y
[ 18.0 [ 5 0 ] [ 344 120 ] [ 16 40 ] ] # z
[ 12.0234375 [ 6 0 ] [ 364 120 ] [ 9 40 ] ] # {
[ 9.3515625 [ 8 0 ] [ 377 120 ] [ 3 40 ] ] # |
[ 12.0234375 [ 5 0 ] [ 384 120 ] [ 9 40 ] ] # }
[ 21.0234375 [ 7 0 ] [ 397 120 ] [ 16 40 ] ] # ~
[ 14.01503906 [ 0 0 ] [ 417 120 ] [ 0 40 ] ] # 
