[ 3.736523437 [ 0 0 ] [ 2 0 ] [ 0 16 ] ] #  
[ 2.666015625 [ 5 0 ] [ 6 0 ] [ 2 16 ] ] # !
[ 3.404296875 [ 5 0 ] [ 12 0 ] [ 3 16 ] ] # "
[ 5.337890625 [ 4 0 ] [ 19 0 ] [ 6 16 ] ] # #
[ 5.337890625 [ 4 0 ] [ 29 0 ] [ 6 16 ] ] # $
[ 8.53125 [ 4 0 ] [ 39 0 ] [ 9 16 ] ] # %
[ 6.3984375 [ 4 0 ] [ 52 0 ] [ 7 16 ] ] # &
[ 1.828125 [ 5 0 ] [ 63 0 ] [ 1 16 ] ] # '
[ 3.193359375 [ 5 0 ] [ 68 0 ] [ 3 16 ] ] # (
[ 3.193359375 [ 4 0 ] [ 75 0 ] [ 3 16 ] ] # )
[ 3.732421875 [ 4 0 ] [ 82 0 ] [ 4 16 ] ] # *
[ 5.6015625 [ 4 0 ] [ 90 0 ] [ 6 16 ] ] # +
[ 2.666015625 [ 5 0 ] [ 100 0 ] [ 2 16 ] ] # ,
[ 3.193359375 [ 4 0 ] [ 106 0 ] [ 4 16 ] ] # -
[ 2.666015625 [ 5 0 ] [ 114 0 ] [ 2 16 ] ] # .
[ 2.666015625 [ 4 0 ] [ 120 0 ] [ 4 16 ] ] # /
[ 5.337890625 [ 4 0 ] [ 2 16 ] [ 6 16 ] ] # 0
[ 5.337890625 [ 5 0 ] [ 12 16 ] [ 3 16 ] ] # 1
[ 5.337890625 [ 4 0 ] [ 19 16 ] [ 6 16 ] ] # 2
[ 5.337890625 [ 4 0 ] [ 29 16 ] [ 6 16 ] ] # 3
[ 5.337890625 [ 4 0 ] [ 39 16 ] [ 6 16 ] ] # 4
[ 5.337890625 [ 4 0 ] [ 49 16 ] [ 6 16 ] ] # 5
[ 5.337890625 [ 4 0 ] [ 59 16 ] [ 6 16 ] ] # 6
[ 5.337890625 [ 4 0 ] [ 69 16 ] [ 6 16 ] ] # 7
[ 5.337890625 [ 4 0 ] [ 79 16 ] [ 6 16 ] ] # 8
[ 5.337890625 [ 4 0 ] [ 89 16 ] [ 6 16 ] ] # 9
[ 2.666015625 [ 5 0 ] [ 99 16 ] [ 2 16 ] ] # :
[ 2.666015625 [ 5 0 ] [ 105 16 ] [ 2 16 ] ] # ;
[ 5.6015625 [ 4 0 ] [ 111 16 ] [ 6 16 ] ] # <
[ 5.6015625 [ 4 0 ] [ 2 32 ] [ 6 16 ] ] # =
[ 5.6015625 [ 4 0 ] [ 12 32 ] [ 6 16 ] ] # >
[ 5.337890625 [ 5 0 ] [ 22 32 ] [ 5 16 ] ] # ?
[ 9.744140625 [ 5 0 ] [ 31 32 ] [ 8 16 ] ] # @
[ 6.3984375 [ 4 0 ] [ 43 32 ] [ 7 16 ] ] # A
[ 6.3984375 [ 5 0 ] [ 54 32 ] [ 6 16 ] ] # B
[ 6.931640625 [ 4 0 ] [ 64 32 ] [ 8 16 ] ] # C
[ 6.931640625 [ 5 0 ] [ 76 32 ] [ 6 16 ] ] # D
[ 6.3984375 [ 5 0 ] [ 86 32 ] [ 6 16 ] ] # E
[ 5.859375 [ 5 0 ] [ 96 32 ] [ 6 16 ] ] # F
[ 7.46484375 [ 4 0 ] [ 106 32 ] [ 8 16 ] ] # G
[ 6.931640625 [ 5 0 ] [ 118 32 ] [ 6 16 ] ] # H
[ 2.666015625 [ 5 0 ] [ 2 48 ] [ 2 16 ] ] # I
[ 4.798828125 [ 4 0 ] [ 8 48 ] [ 5 16 ] ] # J
[ 6.3984375 [ 5 0 ] [ 17 48 ] [ 6 16 ] ] # K
[ 5.337890625 [ 5 0 ] [ 27 48 ] [ 5 16 ] ] # L
[ 7.9921875 [ 5 0 ] [ 36 48 ] [ 7 16 ] ] # M
[ 6.931640625 [ 5 0 ] [ 47 48 ] [ 6 16 ] ] # N
[ 7.46484375 [ 4 0 ] [ 57 48 ] [ 8 16 ] ] # O
[ 6.3984375 [ 5 0 ] [ 69 48 ] [ 6 16 ] ] # P
[ 7.46484375 [ 4 0 ] [ 79 48 ] [ 8 16 ] ] # Q
[ 6.931640625 [ 5 0 ] [ 91 48 ] [ 7 16 ] ] # R
[ 6.3984375 [ 4 0 ] [ 102 48 ] [ 7 16 ] ] # S
[ 5.859375 [ 4 0 ] [ 113 48 ] [ 7 16 ] ] # T
[ 6.931640625 [ 5 0 ] [ 2 64 ] [ 6 16 ] ] # U
[ 6.3984375 [ 4 0 ] [ 12 64 ] [ 7 16 ] ] # V
[ 9.05859375 [ 4 0 ] [ 23 64 ] [ 10 16 ] ] # W
[ 6.3984375 [ 4 0 ] [ 37 64 ] [ 7 16 ] ] # X
[ 6.3984375 [ 4 0 ] [ 48 64 ] [ 7 16 ] ] # Y
[ 5.859375 [ 4 0 ] [ 59 64 ] [ 7 16 ] ] # Z
[ 2.666015625 [ 5 0 ] [ 70 64 ] [ 2 16 ] ] # [
[ 2.666015625 [ 4 0 ] [ 76 64 ] [ 4 16 ] ] # \
[ 2.666015625 [ 4 0 ] [ 84 64 ] [ 3 16 ] ] # ]
[ 4.5 [ 4 0 ] [ 91 64 ] [ 6 16 ] ] # ^
[ 5.337890625 [ 4 0 ] [ 101 64 ] [ 6 16 ] ] # _
[ 3.193359375 [ 5 0 ] [ 111 64 ] [ 1 16 ] ] # `
[ 5.337890625 [ 4 0 ] [ 116 64 ] [ 6 16 ] ] # a
[ 5.337890625 [ 5 0 ] [ 2 80 ] [ 5 16 ] ] # b
[ 4.798828125 [ 4 0 ] [ 11 80 ] [ 6 16 ] ] # c
[ 5.337890625 [ 4 0 ] [ 21 80 ] [ 6 16 ] ] # d
[ 5.337890625 [ 4 0 ] [ 31 80 ] [ 6 16 ] ] # e
[ 2.666015625 [ 4 0 ] [ 41 80 ] [ 3 16 ] ] # f
[ 5.337890625 [ 4 0 ] [ 48 80 ] [ 6 16 ] ] # g
[ 5.337890625 [ 5 0 ] [ 58 80 ] [ 5 16 ] ] # h
[ 2.1328125 [ 5 0 ] [ 67 80 ] [ 1 16 ] ] # i
[ 2.1328125 [ 4 0 ] [ 72 80 ] [ 2 16 ] ] # j
[ 4.798828125 [ 5 0 ] [ 78 80 ] [ 5 16 ] ] # k
[ 2.1328125 [ 5 0 ] [ 87 80 ] [ 1 16 ] ] # l
[ 7.9921875 [ 5 0 ] [ 92 80 ] [ 7 16 ] ] # m
[ 5.337890625 [ 5 0 ] [ 103 80 ] [ 5 16 ] ] # n
[ 5.337890625 [ 4 0 ] [ 112 80 ] [ 6 16 ] ] # o
[ 5.337890625 [ 5 0 ] [ 2 96 ] [ 5 16 ] ] # p
[ 5.337890625 [ 4 0 ] [ 11 96 ] [ 6 16 ] ] # q
[ 3.193359375 [ 5 0 ] [ 21 96 ] [ 3 16 ] ] # r
[ 4.798828125 [ 4 0 ] [ 28 96 ] [ 5 16 ] ] # s
[ 2.666015625 [ 4 0 ] [ 37 96 ] [ 3 16 ] ] # t
[ 5.337890625 [ 5 0 ] [ 44 96 ] [ 5 16 ] ] # u
[ 4.798828125 [ 4 0 ] [ 53 96 ] [ 6 16 ] ] # v
[ 6.931640625 [ 4 0 ] [ 63 96 ] [ 8 16 ] ] # w
[ 4.798828125 [ 4 0 ] [ 75 96 ] [ 6 16 ] ] # x
[ 4.798828125 [ 4 0 ] [ 85 96 ] [ 6 16 ] ] # y
[ 4.798828125 [ 4 0 ] [ 95 96 ] [ 5 16 ] ] # z
[ 3.205078125 [ 4 0 ] [ 104 96 ] [ 4 16 ] ] # {
[ 2.490234375 [ 5 0 ] [ 112 96 ] [ 1 16 ] ] # |
[ 3.205078125 [ 4 0 ] [ 117 96 ] [ 4 16 ] ] # }
[ 5.6015625 [ 5 0 ] [ 2 112 ] [ 5 16 ] ] # ~
[ 3.736523437 [ 0 0 ] [ 11 112 ] [ 0 16 ] ] # 
