[ 7.0 [ 0 0 ] [ 2 0 ] [ 0 24 ] ] #  
[ 6.66015625 [ 7 0 ] [ 6 0 ] [ 3 24 ] ] # !
[ 8.1640625 [ 6 0 ] [ 13 0 ] [ 5 24 ] ] # "
[ 10.0 [ 4 0 ] [ 22 0 ] [ 11 24 ] ] # #
[ 10.0 [ 5 0 ] [ 37 0 ] [ 9 24 ] ] # $
[ 16.66015625 [ 5 0 ] [ 50 0 ] [ 15 24 ] ] # %
[ 15.55664062 [ 5 0 ] [ 69 0 ] [ 15 24 ] ] # &
[ 3.603515625 [ 6 0 ] [ 88 0 ] [ 3 24 ] ] # '
[ 6.66015625 [ 5 0 ] [ 95 0 ] [ 6 24 ] ] # (
[ 6.66015625 [ 5 0 ] [ 105 0 ] [ 6 24 ] ] # )
[ 10.0 [ 5 0 ] [ 115 0 ] [ 8 24 ] ] # *
[ 11.27929688 [ 5 0 ] [ 127 0 ] [ 10 24 ] ] # +
[ 5.0 [ 5 0 ] [ 141 0 ] [ 4 24 ] ] # ,
[ 6.66015625 [ 5 0 ] [ 149 0 ] [ 6 24 ] ] # -
[ 5.0 [ 5 0 ] [ 159 0 ] [ 3 24 ] ] # .
[ 5.556640625 [ 4 0 ] [ 166 0 ] [ 6 24 ] ] # /
[ 10.0 [ 4 0 ] [ 176 0 ] [ 10 24 ] ] # 0
[ 10.0 [ 6 0 ] [ 190 0 ] [ 7 24 ] ] # 1
[ 10.0 [ 5 0 ] [ 201 0 ] [ 9 24 ] ] # 2
[ 10.0 [ 5 0 ] [ 214 0 ] [ 8 24 ] ] # 3
[ 10.0 [ 4 0 ] [ 226 0 ] [ 10 24 ] ] # 4
[ 10.0 [ 5 0 ] [ 240 0 ] [ 9 24 ] ] # 5
[ 10.0 [ 5 0 ] [ 2 24 ] [ 9 24 ] ] # 6
[ 10.0 [ 4 0 ] [ 15 24 ] [ 10 24 ] ] # 7
[ 10.0 [ 5 0 ] [ 29 24 ] [ 9 24 ] ] # 8
[ 10.0 [ 5 0 ] [ 42 24 ] [ 9 24 ] ] # 9
[ 5.556640625 [ 6 0 ] [ 55 24 ] [ 3 24 ] ] # :
[ 5.556640625 [ 6 0 ] [ 62 24 ] [ 3 24 ] ] # ;
[ 11.27929688 [ 5 0 ] [ 69 24 ] [ 11 24 ] ] # <
[ 11.27929688 [ 5 0 ] [ 84 24 ] [ 10 24 ] ] # =
[ 11.27929688 [ 5 0 ] [ 98 24 ] [ 11 24 ] ] # >
[ 8.876953125 [ 5 0 ] [ 113 24 ] [ 8 24 ] ] # ?
[ 18.41796875 [ 6 0 ] [ 125 24 ] [ 15 24 ] ] # @
[ 14.44335938 [ 4 0 ] [ 144 24 ] [ 15 24 ] ] # A
[ 13.33984375 [ 4 0 ] [ 163 24 ] [ 13 24 ] ] # B
[ 13.33984375 [ 5 0 ] [ 180 24 ] [ 12 24 ] ] # C
[ 14.44335938 [ 4 0 ] [ 196 24 ] [ 15 24 ] ] # D
[ 12.21679688 [ 4 0 ] [ 215 24 ] [ 13 24 ] ] # E
[ 11.12304688 [ 4 0 ] [ 232 24 ] [ 12 24 ] ] # F
[ 14.44335938 [ 5 0 ] [ 2 48 ] [ 14 24 ] ] # G
[ 14.44335938 [ 4 0 ] [ 20 48 ] [ 15 24 ] ] # H
[ 6.66015625 [ 4 0 ] [ 39 48 ] [ 7 24 ] ] # I
[ 7.783203125 [ 4 0 ] [ 50 48 ] [ 8 24 ] ] # J
[ 14.44335938 [ 5 0 ] [ 62 48 ] [ 14 24 ] ] # K
[ 12.21679688 [ 4 0 ] [ 80 48 ] [ 13 24 ] ] # L
[ 17.78320312 [ 4 0 ] [ 97 48 ] [ 18 24 ] ] # M
[ 14.44335938 [ 4 0 ] [ 119 48 ] [ 15 24 ] ] # N
[ 14.44335938 [ 5 0 ] [ 138 48 ] [ 14 24 ] ] # O
[ 11.12304688 [ 4 0 ] [ 156 48 ] [ 12 24 ] ] # P
[ 14.44335938 [ 5 0 ] [ 172 48 ] [ 14 24 ] ] # Q
[ 13.33984375 [ 4 0 ] [ 190 48 ] [ 14 24 ] ] # R
[ 11.12304688 [ 5 0 ] [ 208 48 ] [ 10 24 ] ] # S
[ 12.21679688 [ 4 0 ] [ 222 48 ] [ 13 24 ] ] # T
[ 14.44335938 [ 4 0 ] [ 239 48 ] [ 15 24 ] ] # U
[ 14.44335938 [ 4 0 ] [ 2 72 ] [ 15 24 ] ] # V
[ 18.87695312 [ 4 0 ] [ 21 72 ] [ 19 24 ] ] # W
[ 14.44335938 [ 4 0 ] [ 44 72 ] [ 15 24 ] ] # X
[ 14.44335938 [ 4 0 ] [ 63 72 ] [ 15 24 ] ] # Y
[ 12.21679688 [ 4 0 ] [ 82 72 ] [ 13 24 ] ] # Z
[ 6.66015625 [ 6 0 ] [ 99 72 ] [ 5 24 ] ] # [
[ 5.556640625 [ 4 0 ] [ 108 72 ] [ 6 24 ] ] # \
[ 6.66015625 [ 5 0 ] [ 118 72 ] [ 5 24 ] ] # ]
[ 9.384765625 [ 5 0 ] [ 127 72 ] [ 9 24 ] ] # ^
[ 10.0 [ 4 0 ] [ 140 72 ] [ 11 24 ] ] # _
[ 6.66015625 [ 6 0 ] [ 155 72 ] [ 4 24 ] ] # `
[ 8.876953125 [ 5 0 ] [ 163 72 ] [ 9 24 ] ] # a
[ 10.0 [ 4 0 ] [ 176 72 ] [ 10 24 ] ] # b
[ 8.876953125 [ 4 0 ] [ 190 72 ] [ 9 24 ] ] # c
[ 10.0 [ 5 0 ] [ 203 72 ] [ 10 24 ] ] # d
[ 8.876953125 [ 5 0 ] [ 217 72 ] [ 8 24 ] ] # e
[ 6.66015625 [ 4 0 ] [ 229 72 ] [ 8 24 ] ] # f
[ 10.0 [ 5 0 ] [ 241 72 ] [ 9 24 ] ] # g
[ 10.0 [ 4 0 ] [ 2 96 ] [ 11 24 ] ] # h
[ 5.556640625 [ 4 0 ] [ 17 96 ] [ 6 24 ] ] # i
[ 5.556640625 [ 3 0 ] [ 27 96 ] [ 6 24 ] ] # j
[ 10.0 [ 4 0 ] [ 37 96 ] [ 11 24 ] ] # k
[ 5.556640625 [ 4 0 ] [ 52 96 ] [ 6 24 ] ] # l
[ 15.55664062 [ 4 0 ] [ 62 96 ] [ 16 24 ] ] # m
[ 10.0 [ 4 0 ] [ 82 96 ] [ 10 24 ] ] # n
[ 10.0 [ 5 0 ] [ 96 96 ] [ 9 24 ] ] # o
[ 10.0 [ 4 0 ] [ 109 96 ] [ 10 24 ] ] # p
[ 10.0 [ 4 0 ] [ 123 96 ] [ 11 24 ] ] # q
[ 6.66015625 [ 4 0 ] [ 138 96 ] [ 7 24 ] ] # r
[ 7.783203125 [ 5 0 ] [ 149 96 ] [ 7 24 ] ] # s
[ 5.556640625 [ 4 0 ] [ 160 96 ] [ 6 24 ] ] # t
[ 10.0 [ 4 0 ] [ 170 96 ] [ 10 24 ] ] # u
[ 10.0 [ 4 0 ] [ 184 96 ] [ 10 24 ] ] # v
[ 14.44335938 [ 4 0 ] [ 198 96 ] [ 15 24 ] ] # w
[ 10.0 [ 4 0 ] [ 217 96 ] [ 10 24 ] ] # x
[ 10.0 [ 4 0 ] [ 231 96 ] [ 10 24 ] ] # y
[ 8.876953125 [ 5 0 ] [ 245 96 ] [ 8 24 ] ] # z
[ 9.599609375 [ 6 0 ] [ 2 120 ] [ 6 24 ] ] # {
[ 4.00390625 [ 5 0 ] [ 12 120 ] [ 3 24 ] ] # |
[ 9.599609375 [ 7 0 ] [ 19 120 ] [ 5 24 ] ] # }
[ 10.8203125 [ 5 0 ] [ 28 120 ] [ 10 24 ] ] # ~
[ 7.0 [ 0 0 ] [ 42 120 ] [ 0 24 ] ] # 
