[ 9.8 [ 0 0 ] [ 2 0 ] [ 0 32 ] ] #  
[ 9.32421875 [ 8 0 ] [ 6 0 ] [ 3 32 ] ] # !
[ 11.4296875 [ 6 0 ] [ 13 0 ] [ 8 32 ] ] # "
[ 14.0 [ 4 0 ] [ 25 0 ] [ 15 32 ] ] # #
[ 14.0 [ 5 0 ] [ 44 0 ] [ 13 32 ] ] # $
[ 23.32421875 [ 6 0 ] [ 61 0 ] [ 20 32 ] ] # %
[ 21.77929688 [ 5 0 ] [ 85 0 ] [ 21 32 ] ] # &
[ 5.044921875 [ 6 0 ] [ 110 0 ] [ 5 32 ] ] # '
[ 9.32421875 [ 5 0 ] [ 119 0 ] [ 8 32 ] ] # (
[ 9.32421875 [ 5 0 ] [ 131 0 ] [ 8 32 ] ] # )
[ 14.0 [ 6 0 ] [ 143 0 ] [ 11 32 ] ] # *
[ 15.79101562 [ 5 0 ] [ 158 0 ] [ 15 32 ] ] # +
[ 7.0 [ 6 0 ] [ 177 0 ] [ 4 32 ] ] # ,
[ 9.32421875 [ 5 0 ] [ 185 0 ] [ 8 32 ] ] # -
[ 7.0 [ 6 0 ] [ 197 0 ] [ 4 32 ] ] # .
[ 7.779296875 [ 4 0 ] [ 205 0 ] [ 9 32 ] ] # /
[ 14.0 [ 5 0 ] [ 218 0 ] [ 13 32 ] ] # 0
[ 14.0 [ 7 0 ] [ 235 0 ] [ 9 32 ] ] # 1
[ 14.0 [ 5 0 ] [ 2 32 ] [ 13 32 ] ] # 2
[ 14.0 [ 5 0 ] [ 19 32 ] [ 12 32 ] ] # 3
[ 14.0 [ 4 0 ] [ 35 32 ] [ 14 32 ] ] # 4
[ 14.0 [ 5 0 ] [ 53 32 ] [ 12 32 ] ] # 5
[ 14.0 [ 5 0 ] [ 69 32 ] [ 13 32 ] ] # 6
[ 14.0 [ 5 0 ] [ 86 32 ] [ 12 32 ] ] # 7
[ 14.0 [ 6 0 ] [ 102 32 ] [ 11 32 ] ] # 8
[ 14.0 [ 5 0 ] [ 117 32 ] [ 13 32 ] ] # 9
[ 7.779296875 [ 6 0 ] [ 134 32 ] [ 4 32 ] ] # :
[ 7.779296875 [ 6 0 ] [ 142 32 ] [ 5 32 ] ] # ;
[ 15.79101562 [ 5 0 ] [ 151 32 ] [ 15 32 ] ] # <
[ 15.79101562 [ 5 0 ] [ 170 32 ] [ 15 32 ] ] # =
[ 15.79101562 [ 5 0 ] [ 189 32 ] [ 15 32 ] ] # >
[ 12.42773438 [ 6 0 ] [ 208 32 ] [ 10 32 ] ] # ?
[ 25.78515625 [ 7 0 ] [ 222 32 ] [ 20 32 ] ] # @
[ 20.22070312 [ 4 0 ] [ 2 64 ] [ 21 32 ] ] # A
[ 18.67578125 [ 4 0 ] [ 27 64 ] [ 17 32 ] ] # B
[ 18.67578125 [ 5 0 ] [ 48 64 ] [ 17 32 ] ] # C
[ 20.22070312 [ 4 0 ] [ 69 64 ] [ 20 32 ] ] # D
[ 17.10351562 [ 4 0 ] [ 93 64 ] [ 18 32 ] ] # E
[ 15.57226562 [ 4 0 ] [ 115 64 ] [ 16 32 ] ] # F
[ 20.22070312 [ 5 0 ] [ 135 64 ] [ 20 32 ] ] # G
[ 20.22070312 [ 5 0 ] [ 159 64 ] [ 19 32 ] ] # H
[ 9.32421875 [ 5 0 ] [ 182 64 ] [ 9 32 ] ] # I
[ 10.89648438 [ 4 0 ] [ 195 64 ] [ 11 32 ] ] # J
[ 20.22070312 [ 5 0 ] [ 210 64 ] [ 20 32 ] ] # K
[ 17.10351562 [ 4 0 ] [ 234 64 ] [ 17 32 ] ] # L
[ 24.89648438 [ 4 0 ] [ 2 96 ] [ 25 32 ] ] # M
[ 20.22070312 [ 4 0 ] [ 31 96 ] [ 21 32 ] ] # N
[ 20.22070312 [ 5 0 ] [ 56 96 ] [ 19 32 ] ] # O
[ 15.57226562 [ 4 0 ] [ 79 96 ] [ 16 32 ] ] # P
[ 20.22070312 [ 5 0 ] [ 99 96 ] [ 19 32 ] ] # Q
[ 18.67578125 [ 4 0 ] [ 122 96 ] [ 19 32 ] ] # R
[ 15.57226562 [ 5 0 ] [ 145 96 ] [ 14 32 ] ] # S
[ 17.10351562 [ 4 0 ] [ 163 96 ] [ 17 32 ] ] # T
[ 20.22070312 [ 4 0 ] [ 184 96 ] [ 21 32 ] ] # U
[ 20.22070312 [ 4 0 ] [ 209 96 ] [ 20 32 ] ] # V
[ 26.42773438 [ 4 0 ] [ 2 128 ] [ 27 32 ] ] # W
[ 20.22070312 [ 4 0 ] [ 33 128 ] [ 21 32 ] ] # X
[ 20.22070312 [ 5 0 ] [ 58 128 ] [ 19 32 ] ] # Y
[ 17.10351562 [ 4 0 ] [ 81 128 ] [ 18 32 ] ] # Z
[ 9.32421875 [ 6 0 ] [ 103 128 ] [ 7 32 ] ] # [
[ 7.779296875 [ 4 0 ] [ 114 128 ] [ 9 32 ] ] # \
[ 9.32421875 [ 5 0 ] [ 127 128 ] [ 7 32 ] ] # ]
[ 13.13867188 [ 5 0 ] [ 138 128 ] [ 12 32 ] ] # ^
[ 14.0 [ 4 0 ] [ 154 128 ] [ 15 32 ] ] # _
[ 9.32421875 [ 7 0 ] [ 173 128 ] [ 5 32 ] ] # `
[ 12.42773438 [ 5 0 ] [ 182 128 ] [ 12 32 ] ] # a
[ 14.0 [ 4 0 ] [ 198 128 ] [ 14 32 ] ] # b
[ 12.42773438 [ 5 0 ] [ 216 128 ] [ 11 32 ] ] # c
[ 14.0 [ 5 0 ] [ 231 128 ] [ 14 32 ] ] # d
[ 12.42773438 [ 5 0 ] [ 2 160 ] [ 12 32 ] ] # e
[ 9.32421875 [ 5 0 ] [ 18 160 ] [ 11 32 ] ] # f
[ 14.0 [ 5 0 ] [ 33 160 ] [ 13 32 ] ] # g
[ 14.0 [ 4 0 ] [ 50 160 ] [ 14 32 ] ] # h
[ 7.779296875 [ 4 0 ] [ 68 160 ] [ 8 32 ] ] # i
[ 7.779296875 [ 2 0 ] [ 80 160 ] [ 8 32 ] ] # j
[ 14.0 [ 4 0 ] [ 92 160 ] [ 15 32 ] ] # k
[ 7.779296875 [ 5 0 ] [ 111 160 ] [ 7 32 ] ] # l
[ 21.77929688 [ 4 0 ] [ 122 160 ] [ 23 32 ] ] # m
[ 14.0 [ 4 0 ] [ 149 160 ] [ 14 32 ] ] # n
[ 14.0 [ 5 0 ] [ 167 160 ] [ 13 32 ] ] # o
[ 14.0 [ 4 0 ] [ 184 160 ] [ 14 32 ] ] # p
[ 14.0 [ 5 0 ] [ 202 160 ] [ 13 32 ] ] # q
[ 9.32421875 [ 4 0 ] [ 219 160 ] [ 10 32 ] ] # r
[ 10.89648438 [ 5 0 ] [ 233 160 ] [ 10 32 ] ] # s
[ 7.779296875 [ 4 0 ] [ 2 192 ] [ 9 32 ] ] # t
[ 14.0 [ 4 0 ] [ 15 192 ] [ 14 32 ] ] # u
[ 14.0 [ 5 0 ] [ 33 192 ] [ 13 32 ] ] # v
[ 20.22070312 [ 5 0 ] [ 50 192 ] [ 19 32 ] ] # w
[ 14.0 [ 4 0 ] [ 73 192 ] [ 14 32 ] ] # x
[ 14.0 [ 4 0 ] [ 91 192 ] [ 14 32 ] ] # y
[ 12.42773438 [ 5 0 ] [ 109 192 ] [ 11 32 ] ] # z
[ 13.43945312 [ 7 0 ] [ 124 192 ] [ 8 32 ] ] # {
[ 5.60546875 [ 6 0 ] [ 136 192 ] [ 3 32 ] ] # |
[ 13.43945312 [ 8 0 ] [ 143 192 ] [ 7 32 ] ] # }
[ 15.1484375 [ 5 0 ] [ 154 192 ] [ 14 32 ] ] # ~
[ 9.8 [ 0 0 ] [ 172 192 ] [ 0 32 ] ] # 
