[ 8.718554687 [ 0 0 ] [ 2 0 ] [ 0 32 ] ] #  
[ 7.451171875 [ 6 0 ] [ 6 0 ] [ 4 32 ] ] # !
[ 10.609375 [ 6 0 ] [ 14 0 ] [ 7 32 ] ] # "
[ 12.45507812 [ 4 0 ] [ 25 0 ] [ 13 32 ] ] # #
[ 12.45507812 [ 5 0 ] [ 42 0 ] [ 12 32 ] ] # $
[ 19.90625 [ 5 0 ] [ 58 0 ] [ 20 32 ] ] # %
[ 16.17382812 [ 5 0 ] [ 82 0 ] [ 16 32 ] ] # &
[ 5.318359375 [ 6 0 ] [ 102 0 ] [ 4 32 ] ] # '
[ 7.451171875 [ 5 0 ] [ 110 0 ] [ 7 32 ] ] # (
[ 7.451171875 [ 4 0 ] [ 121 0 ] [ 8 32 ] ] # )
[ 8.708984375 [ 5 0 ] [ 133 0 ] [ 8 32 ] ] # *
[ 13.0703125 [ 5 0 ] [ 145 0 ] [ 12 32 ] ] # +
[ 6.220703125 [ 5 0 ] [ 161 0 ] [ 5 32 ] ] # ,
[ 7.451171875 [ 5 0 ] [ 170 0 ] [ 7 32 ] ] # -
[ 6.220703125 [ 5 0 ] [ 181 0 ] [ 5 32 ] ] # .
[ 6.220703125 [ 3 0 ] [ 190 0 ] [ 9 32 ] ] # /
[ 12.45507812 [ 5 0 ] [ 203 0 ] [ 12 32 ] ] # 0
[ 12.45507812 [ 6 0 ] [ 219 0 ] [ 7 32 ] ] # 1
[ 12.45507812 [ 5 0 ] [ 230 0 ] [ 12 32 ] ] # 2
[ 12.45507812 [ 5 0 ] [ 2 32 ] [ 12 32 ] ] # 3
[ 12.45507812 [ 5 0 ] [ 18 32 ] [ 12 32 ] ] # 4
[ 12.45507812 [ 5 0 ] [ 34 32 ] [ 12 32 ] ] # 5
[ 12.45507812 [ 5 0 ] [ 50 32 ] [ 12 32 ] ] # 6
[ 12.45507812 [ 5 0 ] [ 66 32 ] [ 12 32 ] ] # 7
[ 12.45507812 [ 5 0 ] [ 82 32 ] [ 12 32 ] ] # 8
[ 12.45507812 [ 5 0 ] [ 98 32 ] [ 12 32 ] ] # 9
[ 7.451171875 [ 6 0 ] [ 114 32 ] [ 4 32 ] ] # :
[ 7.451171875 [ 6 0 ] [ 122 32 ] [ 4 32 ] ] # ;
[ 13.0703125 [ 5 0 ] [ 130 32 ] [ 12 32 ] ] # <
[ 13.0703125 [ 5 0 ] [ 146 32 ] [ 12 32 ] ] # =
[ 13.0703125 [ 5 0 ] [ 162 32 ] [ 12 32 ] ] # >
[ 13.671875 [ 5 0 ] [ 178 32 ] [ 13 32 ] ] # ?
[ 21.83398438 [ 7 0 ] [ 195 32 ] [ 17 32 ] ] # @
[ 16.17382812 [ 4 0 ] [ 216 32 ] [ 17 32 ] ] # A
[ 16.17382812 [ 6 0 ] [ 237 32 ] [ 14 32 ] ] # B
[ 16.17382812 [ 5 0 ] [ 2 64 ] [ 15 32 ] ] # C
[ 16.17382812 [ 6 0 ] [ 21 64 ] [ 14 32 ] ] # D
[ 14.9296875 [ 6 0 ] [ 39 64 ] [ 13 32 ] ] # E
[ 13.671875 [ 6 0 ] [ 56 64 ] [ 12 32 ] ] # F
[ 17.41796875 [ 5 0 ] [ 72 64 ] [ 16 32 ] ] # G
[ 16.17382812 [ 6 0 ] [ 92 64 ] [ 14 32 ] ] # H
[ 6.220703125 [ 5 0 ] [ 110 64 ] [ 5 32 ] ] # I
[ 12.45507812 [ 5 0 ] [ 119 64 ] [ 11 32 ] ] # J
[ 16.17382812 [ 6 0 ] [ 134 64 ] [ 15 32 ] ] # K
[ 13.671875 [ 6 0 ] [ 153 64 ] [ 12 32 ] ] # L
[ 18.6484375 [ 6 0 ] [ 169 64 ] [ 16 32 ] ] # M
[ 16.17382812 [ 6 0 ] [ 189 64 ] [ 14 32 ] ] # N
[ 17.41796875 [ 5 0 ] [ 207 64 ] [ 17 32 ] ] # O
[ 14.9296875 [ 6 0 ] [ 228 64 ] [ 13 32 ] ] # P
[ 17.41796875 [ 5 0 ] [ 2 96 ] [ 17 32 ] ] # Q
[ 16.17382812 [ 6 0 ] [ 23 96 ] [ 14 32 ] ] # R
[ 14.9296875 [ 5 0 ] [ 41 96 ] [ 14 32 ] ] # S
[ 13.671875 [ 4 0 ] [ 59 96 ] [ 15 32 ] ] # T
[ 16.17382812 [ 6 0 ] [ 78 96 ] [ 14 32 ] ] # U
[ 14.9296875 [ 4 0 ] [ 96 96 ] [ 16 32 ] ] # V
[ 21.13671875 [ 4 0 ] [ 116 96 ] [ 22 32 ] ] # W
[ 14.9296875 [ 4 0 ] [ 142 96 ] [ 16 32 ] ] # X
[ 14.9296875 [ 4 0 ] [ 162 96 ] [ 16 32 ] ] # Y
[ 13.671875 [ 5 0 ] [ 182 96 ] [ 13 32 ] ] # Z
[ 7.451171875 [ 5 0 ] [ 199 96 ] [ 7 32 ] ] # [
[ 6.220703125 [ 3 0 ] [ 210 96 ] [ 9 32 ] ] # \
[ 7.451171875 [ 5 0 ] [ 223 96 ] [ 6 32 ] ] # ]
[ 13.0703125 [ 5 0 ] [ 233 96 ] [ 12 32 ] ] # ^
[ 12.45507812 [ 4 0 ] [ 2 128 ] [ 14 32 ] ] # _
[ 7.451171875 [ 6 0 ] [ 20 128 ] [ 4 32 ] ] # `
[ 12.45507812 [ 5 0 ] [ 28 128 ] [ 12 32 ] ] # a
[ 13.671875 [ 5 0 ] [ 44 128 ] [ 13 32 ] ] # b
[ 12.45507812 [ 5 0 ] [ 61 128 ] [ 12 32 ] ] # c
[ 13.671875 [ 5 0 ] [ 77 128 ] [ 12 32 ] ] # d
[ 12.45507812 [ 5 0 ] [ 93 128 ] [ 12 32 ] ] # e
[ 7.451171875 [ 4 0 ] [ 109 128 ] [ 8 32 ] ] # f
[ 13.671875 [ 5 0 ] [ 121 128 ] [ 12 32 ] ] # g
[ 13.671875 [ 5 0 ] [ 137 128 ] [ 12 32 ] ] # h
[ 6.220703125 [ 6 0 ] [ 153 128 ] [ 4 32 ] ] # i
[ 6.220703125 [ 4 0 ] [ 161 128 ] [ 6 32 ] ] # j
[ 12.45507812 [ 6 0 ] [ 171 128 ] [ 12 32 ] ] # k
[ 6.220703125 [ 6 0 ] [ 187 128 ] [ 4 32 ] ] # l
[ 19.90625 [ 5 0 ] [ 195 128 ] [ 19 32 ] ] # m
[ 13.671875 [ 6 0 ] [ 218 128 ] [ 11 32 ] ] # n
[ 13.671875 [ 5 0 ] [ 233 128 ] [ 13 32 ] ] # o
[ 13.671875 [ 5 0 ] [ 2 160 ] [ 13 32 ] ] # p
[ 13.671875 [ 5 0 ] [ 19 160 ] [ 12 32 ] ] # q
[ 8.708984375 [ 5 0 ] [ 35 160 ] [ 8 32 ] ] # r
[ 12.45507812 [ 5 0 ] [ 47 160 ] [ 12 32 ] ] # s
[ 7.451171875 [ 4 0 ] [ 63 160 ] [ 8 32 ] ] # t
[ 13.671875 [ 6 0 ] [ 75 160 ] [ 11 32 ] ] # u
[ 12.45507812 [ 4 0 ] [ 90 160 ] [ 13 32 ] ] # v
[ 17.41796875 [ 4 0 ] [ 107 160 ] [ 18 32 ] ] # w
[ 12.45507812 [ 4 0 ] [ 129 160 ] [ 13 32 ] ] # x
[ 12.45507812 [ 4 0 ] [ 146 160 ] [ 13 32 ] ] # y
[ 11.19726562 [ 4 0 ] [ 163 160 ] [ 12 32 ] ] # z
[ 8.708984375 [ 5 0 ] [ 179 160 ] [ 8 32 ] ] # {
[ 6.26171875 [ 6 0 ] [ 191 160 ] [ 3 32 ] ] # |
[ 8.708984375 [ 5 0 ] [ 198 160 ] [ 8 32 ] ] # }
[ 13.0703125 [ 5 0 ] [ 210 160 ] [ 12 32 ] ] # ~
[ 8.718554687 [ 0 0 ] [ 226 160 ] [ 0 32 ] ] # 
