[ 6.22890625 [ 0 0 ] [ 2 0 ] [ 0 20 ] ] #  
[ 4.4453125 [ 6 0 ] [ 6 0 ] [ 2 20 ] ] # !
[ 5.6796875 [ 5 0 ] [ 12 0 ] [ 5 20 ] ] # "
[ 8.8984375 [ 4 0 ] [ 21 0 ] [ 9 20 ] ] # #
[ 8.8984375 [ 5 0 ] [ 34 0 ] [ 8 20 ] ] # $
[ 14.2265625 [ 4 0 ] [ 46 0 ] [ 15 20 ] ] # %
[ 10.671875 [ 5 0 ] [ 65 0 ] [ 10 20 ] ] # &
[ 3.0546875 [ 5 0 ] [ 79 0 ] [ 2 20 ] ] # '
[ 5.328125 [ 5 0 ] [ 85 0 ] [ 4 20 ] ] # (
[ 5.328125 [ 5 0 ] [ 93 0 ] [ 4 20 ] ] # )
[ 6.2265625 [ 5 0 ] [ 101 0 ] [ 5 20 ] ] # *
[ 9.34375 [ 5 0 ] [ 110 0 ] [ 8 20 ] ] # +
[ 4.4453125 [ 5 0 ] [ 122 0 ] [ 3 20 ] ] # ,
[ 5.328125 [ 5 0 ] [ 129 0 ] [ 4 20 ] ] # -
[ 4.4453125 [ 5 0 ] [ 137 0 ] [ 3 20 ] ] # .
[ 4.4453125 [ 4 0 ] [ 144 0 ] [ 5 20 ] ] # /
[ 8.8984375 [ 5 0 ] [ 153 0 ] [ 8 20 ] ] # 0
[ 8.8984375 [ 6 0 ] [ 165 0 ] [ 4 20 ] ] # 1
[ 8.8984375 [ 5 0 ] [ 173 0 ] [ 8 20 ] ] # 2
[ 8.8984375 [ 5 0 ] [ 185 0 ] [ 8 20 ] ] # 3
[ 8.8984375 [ 4 0 ] [ 197 0 ] [ 9 20 ] ] # 4
[ 8.8984375 [ 5 0 ] [ 210 0 ] [ 8 20 ] ] # 5
[ 8.8984375 [ 5 0 ] [ 222 0 ] [ 8 20 ] ] # 6
[ 8.8984375 [ 5 0 ] [ 234 0 ] [ 8 20 ] ] # 7
[ 8.8984375 [ 5 0 ] [ 246 0 ] [ 8 20 ] ] # 8
[ 8.8984375 [ 5 0 ] [ 2 20 ] [ 8 20 ] ] # 9
[ 4.4453125 [ 6 0 ] [ 14 20 ] [ 2 20 ] ] # :
[ 4.4453125 [ 6 0 ] [ 20 20 ] [ 2 20 ] ] # ;
[ 9.34375 [ 5 0 ] [ 26 20 ] [ 8 20 ] ] # <
[ 9.34375 [ 5 0 ] [ 38 20 ] [ 8 20 ] ] # =
[ 9.34375 [ 5 0 ] [ 50 20 ] [ 8 20 ] ] # >
[ 8.8984375 [ 5 0 ] [ 62 20 ] [ 8 20 ] ] # ?
[ 16.2421875 [ 5 0 ] [ 74 20 ] [ 15 20 ] ] # @
[ 10.671875 [ 4 0 ] [ 93 20 ] [ 11 20 ] ] # A
[ 10.671875 [ 5 0 ] [ 108 20 ] [ 10 20 ] ] # B
[ 11.5546875 [ 5 0 ] [ 122 20 ] [ 11 20 ] ] # C
[ 11.5546875 [ 5 0 ] [ 137 20 ] [ 11 20 ] ] # D
[ 10.671875 [ 5 0 ] [ 152 20 ] [ 10 20 ] ] # E
[ 9.7734375 [ 5 0 ] [ 166 20 ] [ 9 20 ] ] # F
[ 12.4453125 [ 5 0 ] [ 179 20 ] [ 11 20 ] ] # G
[ 11.5546875 [ 5 0 ] [ 194 20 ] [ 10 20 ] ] # H
[ 4.4453125 [ 6 0 ] [ 208 20 ] [ 2 20 ] ] # I
[ 8.0 [ 4 0 ] [ 214 20 ] [ 8 20 ] ] # J
[ 10.671875 [ 5 0 ] [ 226 20 ] [ 10 20 ] ] # K
[ 8.8984375 [ 5 0 ] [ 240 20 ] [ 8 20 ] ] # L
[ 13.328125 [ 5 0 ] [ 2 40 ] [ 12 20 ] ] # M
[ 11.5546875 [ 5 0 ] [ 18 40 ] [ 10 20 ] ] # N
[ 12.4453125 [ 5 0 ] [ 32 40 ] [ 12 20 ] ] # O
[ 10.671875 [ 5 0 ] [ 48 40 ] [ 10 20 ] ] # P
[ 12.4453125 [ 5 0 ] [ 62 40 ] [ 12 20 ] ] # Q
[ 11.5546875 [ 5 0 ] [ 78 40 ] [ 11 20 ] ] # R
[ 10.671875 [ 5 0 ] [ 93 40 ] [ 10 20 ] ] # S
[ 9.7734375 [ 4 0 ] [ 107 40 ] [ 10 20 ] ] # T
[ 11.5546875 [ 5 0 ] [ 121 40 ] [ 10 20 ] ] # U
[ 10.671875 [ 5 0 ] [ 135 40 ] [ 10 20 ] ] # V
[ 15.1015625 [ 4 0 ] [ 149 40 ] [ 16 20 ] ] # W
[ 10.671875 [ 4 0 ] [ 169 40 ] [ 11 20 ] ] # X
[ 10.671875 [ 4 0 ] [ 184 40 ] [ 11 20 ] ] # Y
[ 9.7734375 [ 4 0 ] [ 199 40 ] [ 10 20 ] ] # Z
[ 4.4453125 [ 5 0 ] [ 213 40 ] [ 4 20 ] ] # [
[ 4.4453125 [ 4 0 ] [ 221 40 ] [ 5 20 ] ] # \
[ 4.4453125 [ 4 0 ] [ 230 40 ] [ 4 20 ] ] # ]
[ 7.5078125 [ 5 0 ] [ 238 40 ] [ 7 20 ] ] # ^
[ 8.8984375 [ 4 0 ] [ 2 60 ] [ 10 20 ] ] # _
[ 5.328125 [ 5 0 ] [ 16 60 ] [ 2 20 ] ] # `
[ 8.8984375 [ 5 0 ] [ 22 60 ] [ 8 20 ] ] # a
[ 8.8984375 [ 5 0 ] [ 34 60 ] [ 8 20 ] ] # b
[ 8.0 [ 4 0 ] [ 46 60 ] [ 8 20 ] ] # c
[ 8.8984375 [ 4 0 ] [ 58 60 ] [ 9 20 ] ] # d
[ 8.8984375 [ 5 0 ] [ 71 60 ] [ 8 20 ] ] # e
[ 4.4453125 [ 4 0 ] [ 83 60 ] [ 5 20 ] ] # f
[ 8.8984375 [ 4 0 ] [ 92 60 ] [ 9 20 ] ] # g
[ 8.8984375 [ 5 0 ] [ 105 60 ] [ 8 20 ] ] # h
[ 3.5546875 [ 5 0 ] [ 117 60 ] [ 2 20 ] ] # i
[ 3.5546875 [ 4 0 ] [ 123 60 ] [ 3 20 ] ] # j
[ 8.0 [ 5 0 ] [ 130 60 ] [ 8 20 ] ] # k
[ 3.5546875 [ 5 0 ] [ 142 60 ] [ 2 20 ] ] # l
[ 13.328125 [ 5 0 ] [ 148 60 ] [ 12 20 ] ] # m
[ 8.8984375 [ 5 0 ] [ 164 60 ] [ 8 20 ] ] # n
[ 8.8984375 [ 5 0 ] [ 176 60 ] [ 8 20 ] ] # o
[ 8.8984375 [ 5 0 ] [ 188 60 ] [ 8 20 ] ] # p
[ 8.8984375 [ 4 0 ] [ 200 60 ] [ 9 20 ] ] # q
[ 5.328125 [ 5 0 ] [ 213 60 ] [ 5 20 ] ] # r
[ 8.0 [ 5 0 ] [ 222 60 ] [ 7 20 ] ] # s
[ 4.4453125 [ 4 0 ] [ 233 60 ] [ 5 20 ] ] # t
[ 8.8984375 [ 5 0 ] [ 242 60 ] [ 8 20 ] ] # u
[ 8.0 [ 4 0 ] [ 2 80 ] [ 9 20 ] ] # v
[ 11.5546875 [ 4 0 ] [ 15 80 ] [ 12 20 ] ] # w
[ 8.0 [ 4 0 ] [ 31 80 ] [ 8 20 ] ] # x
[ 8.0 [ 4 0 ] [ 43 80 ] [ 8 20 ] ] # y
[ 8.0 [ 4 0 ] [ 55 80 ] [ 8 20 ] ] # z
[ 5.34375 [ 5 0 ] [ 67 80 ] [ 4 20 ] ] # {
[ 4.15625 [ 6 0 ] [ 75 80 ] [ 1 20 ] ] # |
[ 5.34375 [ 4 0 ] [ 80 80 ] [ 5 20 ] ] # }
[ 9.34375 [ 5 0 ] [ 89 80 ] [ 8 20 ] ] # ~
[ 6.22890625 [ 0 0 ] [ 101 80 ] [ 0 20 ] ] # 
