[ 5.6 [ 0 0 ] [ 2 0 ] [ 0 20 ] ] #  
[ 5.328125 [ 5 0 ] [ 6 0 ] [ 4 20 ] ] # !
[ 8.8828125 [ 5 0 ] [ 14 0 ] [ 7 20 ] ] # "
[ 8.0 [ 4 0 ] [ 25 0 ] [ 9 20 ] ] # #
[ 8.0 [ 4 0 ] [ 38 0 ] [ 8 20 ] ] # $
[ 16.0 [ 6 0 ] [ 50 0 ] [ 13 20 ] ] # %
[ 13.328125 [ 5 0 ] [ 67 0 ] [ 12 20 ] ] # &
[ 4.4453125 [ 5 0 ] [ 83 0 ] [ 4 20 ] ] # '
[ 5.328125 [ 5 0 ] [ 91 0 ] [ 5 20 ] ] # (
[ 5.328125 [ 4 0 ] [ 100 0 ] [ 5 20 ] ] # )
[ 8.0 [ 5 0 ] [ 109 0 ] [ 7 20 ] ] # *
[ 9.1171875 [ 5 0 ] [ 120 0 ] [ 8 20 ] ] # +
[ 4.0 [ 5 0 ] [ 132 0 ] [ 3 20 ] ] # ,
[ 5.328125 [ 5 0 ] [ 139 0 ] [ 4 20 ] ] # -
[ 4.0 [ 5 0 ] [ 147 0 ] [ 3 20 ] ] # .
[ 4.4453125 [ 4 0 ] [ 154 0 ] [ 6 20 ] ] # /
[ 8.0 [ 4 0 ] [ 164 0 ] [ 8 20 ] ] # 0
[ 8.0 [ 5 0 ] [ 176 0 ] [ 7 20 ] ] # 1
[ 8.0 [ 4 0 ] [ 187 0 ] [ 8 20 ] ] # 2
[ 8.0 [ 4 0 ] [ 199 0 ] [ 8 20 ] ] # 3
[ 8.0 [ 4 0 ] [ 211 0 ] [ 8 20 ] ] # 4
[ 8.0 [ 4 0 ] [ 223 0 ] [ 8 20 ] ] # 5
[ 8.0 [ 4 0 ] [ 235 0 ] [ 8 20 ] ] # 6
[ 8.0 [ 4 0 ] [ 2 20 ] [ 8 20 ] ] # 7
[ 8.0 [ 4 0 ] [ 14 20 ] [ 8 20 ] ] # 8
[ 8.0 [ 4 0 ] [ 26 20 ] [ 8 20 ] ] # 9
[ 5.328125 [ 5 0 ] [ 38 20 ] [ 4 20 ] ] # :
[ 5.328125 [ 5 0 ] [ 46 20 ] [ 4 20 ] ] # ;
[ 9.1171875 [ 4 0 ] [ 54 20 ] [ 9 20 ] ] # <
[ 9.1171875 [ 5 0 ] [ 67 20 ] [ 8 20 ] ] # =
[ 9.1171875 [ 4 0 ] [ 79 20 ] [ 9 20 ] ] # >
[ 8.0 [ 5 0 ] [ 92 20 ] [ 7 20 ] ] # ?
[ 14.8828125 [ 6 0 ] [ 103 20 ] [ 12 20 ] ] # @
[ 11.5546875 [ 4 0 ] [ 119 20 ] [ 12 20 ] ] # A
[ 10.671875 [ 4 0 ] [ 135 20 ] [ 11 20 ] ] # B
[ 11.5546875 [ 5 0 ] [ 150 20 ] [ 11 20 ] ] # C
[ 11.5546875 [ 4 0 ] [ 165 20 ] [ 12 20 ] ] # D
[ 10.671875 [ 4 0 ] [ 181 20 ] [ 11 20 ] ] # E
[ 9.7734375 [ 4 0 ] [ 196 20 ] [ 10 20 ] ] # F
[ 12.4453125 [ 5 0 ] [ 210 20 ] [ 12 20 ] ] # G
[ 12.4453125 [ 4 0 ] [ 226 20 ] [ 13 20 ] ] # H
[ 6.2265625 [ 4 0 ] [ 243 20 ] [ 7 20 ] ] # I
[ 8.0 [ 4 0 ] [ 2 40 ] [ 8 20 ] ] # J
[ 12.4453125 [ 4 0 ] [ 14 40 ] [ 13 20 ] ] # K
[ 10.671875 [ 4 0 ] [ 31 40 ] [ 11 20 ] ] # L
[ 15.1015625 [ 4 0 ] [ 46 40 ] [ 16 20 ] ] # M
[ 11.5546875 [ 4 0 ] [ 66 40 ] [ 12 20 ] ] # N
[ 12.4453125 [ 5 0 ] [ 82 40 ] [ 12 20 ] ] # O
[ 9.7734375 [ 4 0 ] [ 98 40 ] [ 10 20 ] ] # P
[ 12.4453125 [ 5 0 ] [ 112 40 ] [ 12 20 ] ] # Q
[ 11.5546875 [ 4 0 ] [ 128 40 ] [ 12 20 ] ] # R
[ 8.8984375 [ 5 0 ] [ 144 40 ] [ 8 20 ] ] # S
[ 10.671875 [ 4 0 ] [ 156 40 ] [ 11 20 ] ] # T
[ 11.5546875 [ 4 0 ] [ 171 40 ] [ 12 20 ] ] # U
[ 11.5546875 [ 4 0 ] [ 187 40 ] [ 12 20 ] ] # V
[ 16.0 [ 4 0 ] [ 203 40 ] [ 16 20 ] ] # W
[ 11.5546875 [ 4 0 ] [ 223 40 ] [ 12 20 ] ] # X
[ 11.5546875 [ 4 0 ] [ 239 40 ] [ 12 20 ] ] # Y
[ 10.671875 [ 4 0 ] [ 2 60 ] [ 11 20 ] ] # Z
[ 5.328125 [ 5 0 ] [ 17 60 ] [ 5 20 ] ] # [
[ 4.4453125 [ 4 0 ] [ 26 60 ] [ 6 20 ] ] # \
[ 5.328125 [ 5 0 ] [ 36 60 ] [ 4 20 ] ] # ]
[ 9.296875 [ 5 0 ] [ 44 60 ] [ 8 20 ] ] # ^
[ 8.0 [ 4 0 ] [ 56 60 ] [ 9 20 ] ] # _
[ 5.328125 [ 5 0 ] [ 69 60 ] [ 4 20 ] ] # `
[ 8.0 [ 4 0 ] [ 77 60 ] [ 9 20 ] ] # a
[ 8.8984375 [ 4 0 ] [ 90 60 ] [ 9 20 ] ] # b
[ 7.1015625 [ 4 0 ] [ 103 60 ] [ 8 20 ] ] # c
[ 8.8984375 [ 4 0 ] [ 115 60 ] [ 9 20 ] ] # d
[ 7.1015625 [ 4 0 ] [ 128 60 ] [ 8 20 ] ] # e
[ 5.328125 [ 4 0 ] [ 140 60 ] [ 7 20 ] ] # f
[ 8.0 [ 4 0 ] [ 151 60 ] [ 9 20 ] ] # g
[ 8.8984375 [ 4 0 ] [ 164 60 ] [ 9 20 ] ] # h
[ 4.4453125 [ 4 0 ] [ 177 60 ] [ 5 20 ] ] # i
[ 5.328125 [ 3 0 ] [ 186 60 ] [ 6 20 ] ] # j
[ 8.8984375 [ 4 0 ] [ 196 60 ] [ 9 20 ] ] # k
[ 4.4453125 [ 4 0 ] [ 209 60 ] [ 5 20 ] ] # l
[ 13.328125 [ 4 0 ] [ 218 60 ] [ 14 20 ] ] # m
[ 8.8984375 [ 4 0 ] [ 236 60 ] [ 9 20 ] ] # n
[ 8.0 [ 4 0 ] [ 2 80 ] [ 8 20 ] ] # o
[ 8.8984375 [ 4 0 ] [ 14 80 ] [ 9 20 ] ] # p
[ 8.8984375 [ 5 0 ] [ 27 80 ] [ 8 20 ] ] # q
[ 7.1015625 [ 4 0 ] [ 39 80 ] [ 8 20 ] ] # r
[ 6.2265625 [ 4 0 ] [ 51 80 ] [ 7 20 ] ] # s
[ 5.328125 [ 4 0 ] [ 62 80 ] [ 6 20 ] ] # t
[ 8.8984375 [ 4 0 ] [ 72 80 ] [ 9 20 ] ] # u
[ 8.0 [ 4 0 ] [ 85 80 ] [ 9 20 ] ] # v
[ 11.5546875 [ 4 0 ] [ 98 80 ] [ 12 20 ] ] # w
[ 8.0 [ 4 0 ] [ 114 80 ] [ 9 20 ] ] # x
[ 8.0 [ 4 0 ] [ 127 80 ] [ 8 20 ] ] # y
[ 7.1015625 [ 4 0 ] [ 139 80 ] [ 8 20 ] ] # z
[ 6.3046875 [ 5 0 ] [ 151 80 ] [ 5 20 ] ] # {
[ 3.5234375 [ 5 0 ] [ 160 80 ] [ 2 20 ] ] # |
[ 6.3046875 [ 5 0 ] [ 166 80 ] [ 5 20 ] ] # }
[ 8.3203125 [ 5 0 ] [ 175 80 ] [ 8 20 ] ] # ~
[ 5.6 [ 0 0 ] [ 187 80 ] [ 0 20 ] ] # 
