[ 2.0 [ 0 0 ] [ 2 0 ] [ 0 60 ] ] #  
[ 9.0 [ 11 0 ] [ 6 0 ] [ 7 60 ] ] # !
[ 39.0 [ 6 0 ] [ 17 0 ] [ 37 60 ] ] # "
[ 29.0 [ 5 0 ] [ 58 0 ] [ 27 60 ] ] # #
[ 29.0 [ 5 0 ] [ 89 0 ] [ 27 60 ] ] # $
[ 43.0 [ 7 0 ] [ 120 0 ] [ 41 60 ] ] # %
[ 43.0 [ 6 0 ] [ 165 0 ] [ 41 60 ] ] # &
[ 23.0 [ 7 0 ] [ 210 0 ] [ 21 60 ] ] # '
[ 17.0 [ 7 0 ] [ 235 0 ] [ 15 60 ] ] # (
[ 16.0 [ 6 0 ] [ 254 0 ] [ 14 60 ] ] # )
[ 23.0 [ 8 0 ] [ 272 0 ] [ 21 60 ] ] # *
[ 32.0 [ 5 0 ] [ 297 0 ] [ 30 60 ] ] # +
[ 11.0 [ 7 0 ] [ 331 0 ] [ 9 60 ] ] # ,
[ 32.0 [ 5 0 ] [ 344 0 ] [ 30 60 ] ] # -
[ 9.0 [ 8 0 ] [ 378 0 ] [ 7 60 ] ] # .
[ 17.0 [ 4 0 ] [ 389 0 ] [ 15 60 ] ] # /
[ 28.0 [ 5 0 ] [ 408 0 ] [ 26 60 ] ] # 0
[ 18.0 [ 11 0 ] [ 438 0 ] [ 16 60 ] ] # 1
[ 28.0 [ 5 0 ] [ 458 0 ] [ 26 60 ] ] # 2
[ 25.0 [ 6 0 ] [ 2 60 ] [ 23 60 ] ] # 3
[ 28.0 [ 5 0 ] [ 29 60 ] [ 26 60 ] ] # 4
[ 26.0 [ 6 0 ] [ 59 60 ] [ 24 60 ] ] # 5
[ 27.0 [ 6 0 ] [ 87 60 ] [ 25 60 ] ] # 6
[ 27.0 [ 5 0 ] [ 116 60 ] [ 25 60 ] ] # 7
[ 24.0 [ 7 0 ] [ 145 60 ] [ 22 60 ] ] # 8
[ 27.0 [ 6 0 ] [ 171 60 ] [ 25 60 ] ] # 9
[ 9.0 [ 9 0 ] [ 200 60 ] [ 7 60 ] ] # :
[ 10.0 [ 9 0 ] [ 211 60 ] [ 8 60 ] ] # ;
[ 31.0 [ 5 0 ] [ 223 60 ] [ 29 60 ] ] # <
[ 32.0 [ 5 0 ] [ 256 60 ] [ 30 60 ] ] # =
[ 31.0 [ 5 0 ] [ 290 60 ] [ 29 60 ] ] # >
[ 22.0 [ 8 0 ] [ 323 60 ] [ 20 60 ] ] # ?
[ 32.0 [ 5 0 ] [ 347 60 ] [ 30 60 ] ] # @
[ 41.0 [ 4 0 ] [ 381 60 ] [ 39 60 ] ] # A
[ 34.0 [ 6 0 ] [ 424 60 ] [ 32 60 ] ] # B
[ 43.0 [ 3 0 ] [ 460 60 ] [ 41 60 ] ] # C
[ 37.0 [ 4 0 ] [ 2 120 ] [ 35 60 ] ] # D
[ 35.0 [ 6 0 ] [ 41 120 ] [ 33 60 ] ] # E
[ 43.0 [ 5 0 ] [ 78 120 ] [ 41 60 ] ] # F
[ 36.0 [ 5 0 ] [ 123 120 ] [ 34 60 ] ] # G
[ 42.0 [ 6 0 ] [ 161 120 ] [ 40 60 ] ] # H
[ 18.0 [ 6 0 ] [ 205 120 ] [ 16 60 ] ] # I
[ 37.0 [ 5 0 ] [ 225 120 ] [ 35 60 ] ] # J
[ 41.0 [ 6 0 ] [ 264 120 ] [ 39 60 ] ] # K
[ 41.0 [ 4 0 ] [ 307 120 ] [ 39 60 ] ] # L
[ 50.0 [ 6 0 ] [ 350 120 ] [ 48 60 ] ] # M
[ 41.0 [ 6 0 ] [ 402 120 ] [ 39 60 ] ] # N
[ 41.0 [ 6 0 ] [ 445 120 ] [ 39 60 ] ] # O
[ 44.0 [ 5 0 ] [ 2 180 ] [ 42 60 ] ] # P
[ 41.0 [ 6 0 ] [ 48 180 ] [ 39 60 ] ] # Q
[ 32.0 [ 6 0 ] [ 91 180 ] [ 30 60 ] ] # R
[ 36.0 [ 4 0 ] [ 125 180 ] [ 34 60 ] ] # S
[ 35.0 [ 6 0 ] [ 163 180 ] [ 33 60 ] ] # T
[ 42.0 [ 4 0 ] [ 200 180 ] [ 40 60 ] ] # U
[ 25.0 [ 6 0 ] [ 244 180 ] [ 23 60 ] ] # V
[ 42.0 [ 6 0 ] [ 271 180 ] [ 40 60 ] ] # W
[ 34.0 [ 6 0 ] [ 315 180 ] [ 32 60 ] ] # X
[ 46.0 [ 5 0 ] [ 351 180 ] [ 44 60 ] ] # Y
[ 35.0 [ 7 0 ] [ 399 180 ] [ 33 60 ] ] # Z
[ 15.0 [ 9 0 ] [ 436 180 ] [ 13 60 ] ] # [
[ 33.0 [ 13 0 ] [ 453 180 ] [ 31 60 ] ] # \
[ 15.0 [ 6 0 ] [ 488 180 ] [ 13 60 ] ] # ]
[ 38.0 [ 5 0 ] [ 2 240 ] [ 36 60 ] ] # ^
[ 31.0 [ 4 0 ] [ 42 240 ] [ 29 60 ] ] # _
[ 2.0 [ 0 0 ] [ 75 240 ] [ 0 60 ] ] # `
[ 36.0 [ 6 0 ] [ 79 240 ] [ 34 60 ] ] # a
[ 29.0 [ 7 0 ] [ 117 240 ] [ 27 60 ] ] # b
[ 31.0 [ 5 0 ] [ 148 240 ] [ 29 60 ] ] # c
[ 28.0 [ 6 0 ] [ 181 240 ] [ 26 60 ] ] # d
[ 26.0 [ 5 0 ] [ 211 240 ] [ 24 60 ] ] # e
[ 29.0 [ 5 0 ] [ 239 240 ] [ 27 60 ] ] # f
[ 30.0 [ 4 0 ] [ 270 240 ] [ 28 60 ] ] # g
[ 32.0 [ 4 0 ] [ 302 240 ] [ 30 60 ] ] # h
[ 20.0 [ 4 0 ] [ 336 240 ] [ 18 60 ] ] # i
[ 34.0 [ 6 0 ] [ 358 240 ] [ 32 60 ] ] # j
[ 32.0 [ 6 0 ] [ 394 240 ] [ 30 60 ] ] # k
[ 32.0 [ 5 0 ] [ 428 240 ] [ 30 60 ] ] # l
[ 33.0 [ 6 0 ] [ 462 240 ] [ 31 60 ] ] # m
[ 30.0 [ 3 0 ] [ 2 300 ] [ 28 60 ] ] # n
[ 29.0 [ 6 0 ] [ 34 300 ] [ 27 60 ] ] # o
[ 31.0 [ 5 0 ] [ 65 300 ] [ 29 60 ] ] # p
[ 28.0 [ 6 0 ] [ 98 300 ] [ 26 60 ] ] # q
[ 27.0 [ 7 0 ] [ 128 300 ] [ 25 60 ] ] # r
[ 34.0 [ 6 0 ] [ 157 300 ] [ 32 60 ] ] # s
[ 25.0 [ 5 0 ] [ 193 300 ] [ 23 60 ] ] # t
[ 33.0 [ 4 0 ] [ 220 300 ] [ 31 60 ] ] # u
[ 39.0 [ 5 0 ] [ 255 300 ] [ 37 60 ] ] # v
[ 39.0 [ 6 0 ] [ 296 300 ] [ 37 60 ] ] # w
[ 28.0 [ 5 0 ] [ 337 300 ] [ 26 60 ] ] # x
[ 41.0 [ 5 0 ] [ 367 300 ] [ 39 60 ] ] # y
[ 26.0 [ 7 0 ] [ 410 300 ] [ 24 60 ] ] # z
[ 22.0 [ 7 0 ] [ 438 300 ] [ 20 60 ] ] # {
[ 6.0 [ 8 0 ] [ 462 300 ] [ 4 60 ] ] # |
[ 22.0 [ 8 0 ] [ 470 300 ] [ 20 60 ] ] # }
[ 31.0 [ 5 0 ] [ 2 360 ] [ 29 60 ] ] # ~
[ 2.0 [ 0 0 ] [ 35 360 ] [ 0 60 ] ] # 
[ 2.0 [ 0 0 ] [ 39 360 ] [ 0 60 ] ] # Ä
[ 2.0 [ 0 0 ] [ 43 360 ] [ 0 60 ] ] # Å
[ 2.0 [ 0 0 ] [ 47 360 ] [ 0 60 ] ] # Ç
[ 2.0 [ 0 0 ] [ 51 360 ] [ 0 60 ] ] # É
[ 2.0 [ 0 0 ] [ 55 360 ] [ 0 60 ] ] # Ñ
[ 2.0 [ 0 0 ] [ 59 360 ] [ 0 60 ] ] # Ö
[ 2.0 [ 0 0 ] [ 63 360 ] [ 0 60 ] ] # Ü
[ 2.0 [ 0 0 ] [ 67 360 ] [ 0 60 ] ] # á
[ 2.0 [ 0 0 ] [ 71 360 ] [ 0 60 ] ] # à
[ 2.0 [ 0 0 ] [ 75 360 ] [ 0 60 ] ] # â
[ 2.0 [ 0 0 ] [ 79 360 ] [ 0 60 ] ] # ä
[ 2.0 [ 0 0 ] [ 83 360 ] [ 0 60 ] ] # ã
[ 2.0 [ 0 0 ] [ 87 360 ] [ 0 60 ] ] # å
[ 2.0 [ 0 0 ] [ 91 360 ] [ 0 60 ] ] # ç
[ 2.0 [ 0 0 ] [ 95 360 ] [ 0 60 ] ] # é
[ 2.0 [ 0 0 ] [ 99 360 ] [ 0 60 ] ] # è
[ 2.0 [ 0 0 ] [ 103 360 ] [ 0 60 ] ] # ê
[ 2.0 [ 0 0 ] [ 107 360 ] [ 0 60 ] ] # ë
[ 2.0 [ 0 0 ] [ 111 360 ] [ 0 60 ] ] # í
[ 2.0 [ 0 0 ] [ 115 360 ] [ 0 60 ] ] # ì
[ 2.0 [ 0 0 ] [ 119 360 ] [ 0 60 ] ] # î
[ 2.0 [ 0 0 ] [ 123 360 ] [ 0 60 ] ] # ï
[ 2.0 [ 0 0 ] [ 127 360 ] [ 0 60 ] ] # ñ
[ 2.0 [ 0 0 ] [ 131 360 ] [ 0 60 ] ] # ó
[ 2.0 [ 0 0 ] [ 135 360 ] [ 0 60 ] ] # ò
[ 2.0 [ 0 0 ] [ 139 360 ] [ 0 60 ] ] # ô
[ 2.0 [ 0 0 ] [ 143 360 ] [ 0 60 ] ] # ö
[ 2.0 [ 0 0 ] [ 147 360 ] [ 0 60 ] ] # õ
[ 2.0 [ 0 0 ] [ 151 360 ] [ 0 60 ] ] # ú
[ 2.0 [ 0 0 ] [ 155 360 ] [ 0 60 ] ] # ù
[ 2.0 [ 0 0 ] [ 159 360 ] [ 0 60 ] ] # û
[ 2.0 [ 0 0 ] [ 163 360 ] [ 0 60 ] ] # ü
[ 40.0 [ 7 0 ] [ 167 360 ] [ 38 60 ] ] # †
[ 37.0 [ 4 0 ] [ 209 360 ] [ 35 60 ] ] # °
[ 14.0 [ 6 0 ] [ 248 360 ] [ 12 60 ] ] # ¢
[ 30.0 [ 6 0 ] [ 264 360 ] [ 28 60 ] ] # £
[ 26.0 [ 0 0 ] [ 296 360 ] [ 24 60 ] ] # §
[ 40.0 [ 5 0 ] [ 324 360 ] [ 38 60 ] ] # •
[ 30.0 [ 4 0 ] [ 366 360 ] [ 28 60 ] ] # ¶
[ 35.0 [ 9 0 ] [ 398 360 ] [ 33 60 ] ] # ß
[ 28.0 [ 12 0 ] [ 435 360 ] [ 26 60 ] ] # ®
[ 31.0 [ 11 0 ] [ 465 360 ] [ 29 60 ] ] # ©
[ 32.0 [ 10 0 ] [ 2 420 ] [ 30 60 ] ] # ™
[ 59.0 [ 5 0 ] [ 36 420 ] [ 57 60 ] ] # ´
[ 54.0 [ 6 0 ] [ 97 420 ] [ 52 60 ] ] # ¨
[ 32.0 [ 7 0 ] [ 153 420 ] [ 30 60 ] ] # ≠
[ 53.0 [ 7 0 ] [ 187 420 ] [ 51 60 ] ] # Æ
[ 32.0 [ 7 0 ] [ 242 420 ] [ 30 60 ] ] # Ø
[ 19.0 [ 7 0 ] [ 276 420 ] [ 17 60 ] ] # ∞
[ 32.0 [ 5 0 ] [ 297 420 ] [ 30 60 ] ] # ±
[ 25.0 [ 5 0 ] [ 331 420 ] [ 23 60 ] ] # ≤
[ 30.0 [ 6 0 ] [ 358 420 ] [ 28 60 ] ] # ≥
[ 32.0 [ 5 0 ] [ 390 420 ] [ 30 60 ] ] # ¥
[ 37.0 [ 6 0 ] [ 424 420 ] [ 35 60 ] ] # µ
[ 28.0 [ 5 0 ] [ 463 420 ] [ 26 60 ] ] # ∂
[ 23.0 [ 7 0 ] [ 2 480 ] [ 21 60 ] ] # ∑
[ 32.0 [ 5 0 ] [ 27 480 ] [ 30 60 ] ] # ∏
[ 32.0 [ 5 0 ] [ 61 480 ] [ 30 60 ] ] # π
[ 32.0 [ 5 0 ] [ 95 480 ] [ 30 60 ] ] # ∫
[ 31.0 [ 5 0 ] [ 129 480 ] [ 29 60 ] ] # ª
[ 47.0 [ 10 0 ] [ 162 480 ] [ 45 60 ] ] # º
[ 6.0 [ 20 0 ] [ 211 480 ] [ 4 60 ] ] # Ω
[ 65.0 [ 1 0 ] [ 219 480 ] [ 63 60 ] ] # æ
[ 35.0 [ 5 0 ] [ 286 480 ] [ 33 60 ] ] # ø
[ 30.0 [ 14 0 ] [ 323 480 ] [ 28 60 ] ] # ¿
[ 34.0 [ 5 0 ] [ 355 480 ] [ 32 60 ] ] # ¡
[ 44.0 [ 5 0 ] [ 391 480 ] [ 42 60 ] ] # ¬
[ 43.0 [ 13 0 ] [ 437 480 ] [ 41 60 ] ] # √
[ 42.0 [ 6 0 ] [ 2 540 ] [ 40 60 ] ] # ƒ
[ 42.0 [ 6 0 ] [ 46 540 ] [ 40 60 ] ] # ≈
[ 45.0 [ 6 0 ] [ 90 540 ] [ 43 60 ] ] # ∆
[ 42.0 [ 6 0 ] [ 137 540 ] [ 40 60 ] ] # «
[ 42.0 [ 6 0 ] [ 181 540 ] [ 40 60 ] ] # »
[ 39.0 [ 5 0 ] [ 225 540 ] [ 37 60 ] ] # …
[ 39.0 [ 5 0 ] [ 266 540 ] [ 37 60 ] ] #  
[ 39.0 [ 6 0 ] [ 307 540 ] [ 37 60 ] ] # À
[ 39.0 [ 6 0 ] [ 348 540 ] [ 37 60 ] ] # Ã
[ 39.0 [ 6 0 ] [ 389 540 ] [ 37 60 ] ] # Õ
[ 28.0 [ 7 0 ] [ 430 540 ] [ 26 60 ] ] # Œ
[ 28.0 [ 7 0 ] [ 460 540 ] [ 26 60 ] ] # œ
[ 43.0 [ 5 0 ] [ 2 600 ] [ 41 60 ] ] # –
[ 39.0 [ 6 0 ] [ 47 600 ] [ 37 60 ] ] # —
[ 41.0 [ 7 0 ] [ 88 600 ] [ 39 60 ] ] # “
[ 41.0 [ 7 0 ] [ 131 600 ] [ 39 60 ] ] # ”
[ 50.0 [ 5 0 ] [ 174 600 ] [ 48 60 ] ] # ‘
[ 47.0 [ 5 0 ] [ 226 600 ] [ 45 60 ] ] # ’
[ 29.0 [ 5 0 ] [ 275 600 ] [ 27 60 ] ] # ÷
[ 8.0 [ 8 0 ] [ 306 600 ] [ 6 60 ] ] # ◊
[ 40.0 [ 5 0 ] [ 316 600 ] [ 38 60 ] ] # ÿ
[ 34.0 [ 5 0 ] [ 358 600 ] [ 32 60 ] ] # Ÿ
[ 33.0 [ 6 0 ] [ 394 600 ] [ 31 60 ] ] # ⁄
[ 58.0 [ 6 0 ] [ 429 600 ] [ 56 60 ] ] # €
[ 53.0 [ 6 0 ] [ 2 660 ] [ 51 60 ] ] # ‹
[ 33.0 [ 6 0 ] [ 57 660 ] [ 31 60 ] ] # ›
[ 53.0 [ 7 0 ] [ 92 660 ] [ 51 60 ] ] # ﬁ
[ 32.0 [ 7 0 ] [ 147 660 ] [ 30 60 ] ] # ﬂ
[ 28.0 [ 5 0 ] [ 181 660 ] [ 26 60 ] ] # ‡
[ 19.0 [ 5 0 ] [ 211 660 ] [ 17 60 ] ] # ·
[ 41.0 [ 7 0 ] [ 232 660 ] [ 39 60 ] ] # ‚
[ 41.0 [ 7 0 ] [ 275 660 ] [ 39 60 ] ] # „
[ 43.0 [ 4 0 ] [ 318 660 ] [ 41 60 ] ] # ‰
[ 41.0 [ 5 0 ] [ 363 660 ] [ 39 60 ] ] # Â
[ 16.0 [ 6 0 ] [ 406 660 ] [ 14 60 ] ] # Ê
[ 6.0 [ 6 0 ] [ 424 660 ] [ 4 60 ] ] # Á
[ 23.0 [ 6 0 ] [ 432 660 ] [ 21 60 ] ] # Ë
[ 6.0 [ 4 0 ] [ 457 660 ] [ 4 60 ] ] # È
[ 6.0 [ 4 0 ] [ 465 660 ] [ 4 60 ] ] # Í
[ 22.0 [ 4 0 ] [ 473 660 ] [ 20 60 ] ] # Î
[ 7.0 [ 15 0 ] [ 497 660 ] [ 5 60 ] ] # Ï
[ 16.0 [ 5 0 ] [ 2 720 ] [ 14 60 ] ] # Ì
[ 16.0 [ 15 0 ] [ 20 720 ] [ 14 60 ] ] # Ó
[ 6.0 [ 15 0 ] [ 38 720 ] [ 4 60 ] ] # Ô
[ 2.0 [ 0 0 ] [ 46 720 ] [ 0 60 ] ] # 
[ 19.0 [ 5 0 ] [ 50 720 ] [ 17 60 ] ] # Ò
[ 13.0 [ 4 0 ] [ 71 720 ] [ 11 60 ] ] # Ú
[ 11.0 [ 23 0 ] [ 86 720 ] [ 9 60 ] ] # Û
[ 7.0 [ 23 0 ] [ 99 720 ] [ 5 60 ] ] # Ù
[ 24.0 [ 6 0 ] [ 108 720 ] [ 22 60 ] ] # ı
[ 16.0 [ 16 0 ] [ 134 720 ] [ 14 60 ] ] # ˆ
[ 6.0 [ 26 0 ] [ 152 720 ] [ 4 60 ] ] # ˜
[ 23.0 [ 9 0 ] [ 160 720 ] [ 21 60 ] ] # ¯
[ 6.0 [ 21 0 ] [ 185 720 ] [ 4 60 ] ] # ˘
[ 6.0 [ 21 0 ] [ 193 720 ] [ 4 60 ] ] # ˙
[ 22.0 [ 5 0 ] [ 201 720 ] [ 20 60 ] ] # ˚
[ 7.0 [ 14 0 ] [ 225 720 ] [ 5 60 ] ] # ¸
[ 17.0 [ 15 0 ] [ 234 720 ] [ 15 60 ] ] # ˝
[ 16.0 [ 5 0 ] [ 253 720 ] [ 14 60 ] ] # ˛
[ 2.0 [ 0 0 ] [ 271 720 ] [ 0 60 ] ] # ˇ
